0.0718 6753.0371 0
0.4838 6753.0371 0
0.9938 6753.0371 0
0.6274 6753.0371 0
0.5424 6753.0371 0
0.2161 6753.0371 0
0.0854 6753.0371 0
0.5667 6753.0371 0
0.7828 6753.0371 0
0.8551 6753.0371 0
0.4609 6753.0371 0
0.8685 6753.0371 0
0.4257 6753.0371 0
0.5551 6753.0371 0
0.9183 6753.0371 0
0.9373 6753.0371 0

0.0717 6753.0371 0
0.4836 6753.0371 0
0.9937 6753.0371 0
0.6274 6753.0371 0
0.5424 6753.0371 0
0.2161 6753.0371 0
0.0855 6753.0371 0
0.5667 6753.0371 0
0.7828 6753.0371 0
0.8551 6753.0371 0
0.461 6753.0371 0
0.8685 6753.0371 0
0.4257 6753.0371 0
0.5549 6753.0371 0
0.9185 6753.0371 0
0.9375 6753.0371 0

0.0718 6753.0371 0
0.4838 6753.0371 0
0.9938 6753.0371 0
0.6275 6753.0371 0
0.5425 6753.0371 0
0.2162 6753.0371 0
0.0853 6753.0371 0
0.5666 6753.0371 0
0.7827 6753.0371 0
0.8551 6753.0371 0
0.461 6753.0371 0
0.8685 6753.0371 0
0.4257 6753.0371 0
0.555 6753.0371 0
0.9184 6753.0371 0
0.9376 6753.0371 0

0.0717 6753.0371 0
0.4837 6753.0371 0
0.9937 6753.0371 0
0.6274 6753.0371 0
0.5424 6753.0371 0
0.2161 6753.0371 0
0.0854 6753.0371 0
0.5667 6753.0371 0
0.7828 6753.0371 0
0.8551 6753.0371 0
0.461 6753.0371 0
0.8685 6753.0371 0
0.4256 6753.0371 0
0.5549 6753.0371 0
0.9185 6753.0371 0
0.9375 6753.0371 0

0.0717 6753.0371 0
0.4836 6753.0371 0
0.9937 6753.0371 0
0.6274 6753.0371 0
0.5424 6753.0371 0
0.216 6753.0371 0
0.0854 6753.0371 0
0.5667 6753.0371 0
0.7827 6753.0371 0
0.8552 6753.0371 0
0.461 6753.0371 0
0.8686 6753.0371 0
0.4257 6753.0371 0
0.5549 6753.0371 0
0.9185 6753.0371 0
0.9375 6753.0371 0

0.0717 6753.0371 0
0.4837 6753.0371 0
0.9937 6753.0371 0
0.6274 6753.0371 0
0.5424 6753.0371 0
0.2161 6753.0371 0
0.0854 6753.0371 0
0.5666 6753.0371 0
0.7827 6753.0371 0
0.8552 6753.0371 0
0.4611 6753.0371 0
0.8687 6753.0371 0
0.4256 6753.0371 0
0.555 6753.0371 0
0.9185 6753.0371 0
0.9375 6753.0371 0

0.0717 6753.0371 0
0.4837 6753.0371 0
0.9937 6753.0371 0
0.6274 6753.0371 0
0.5424 6753.0371 0
0.216 6753.0371 0
0.0855 6753.0371 0
0.5667 6753.0371 0
0.7828 6753.0371 0
0.8551 6753.0371 0
0.461 6753.0371 0
0.8685 6753.0371 0
0.4257 6753.0371 0
0.5549 6753.0371 0
0.9185 6753.0371 0
0.9376 6753.0371 0

0.0717 6753.0371 0
0.4836 6753.0371 0
0.9937 6753.0371 0
0.6275 6753.0371 0
0.5425 6753.0371 0
0.2161 6753.0371 0
0.0854 6753.0371 0
0.5667 6753.0371 0
0.7828 6753.0371 0
0.8551 6753.0371 0
0.4609 6753.0371 0
0.8685 6753.0371 0
0.4257 6753.0371 0
0.555 6753.0371 0
0.9184 6753.0371 0
0.9375 6753.0371 0

0.0717 6753.0371 0
0.4836 6753.0371 0
0.9936 6753.0371 0
0.6274 6753.0371 0
0.5424 6753.0371 0
0.2161 6753.0371 0
0.0855 6753.0371 0
0.5667 6753.0371 0
0.7828 6753.0371 0
0.8552 6753.0371 0
0.461 6753.0371 0
0.8686 6753.0371 0
0.4257 6753.0371 0
0.555 6753.0371 0
0.9185 6753.0371 0
0.9375 6753.0371 0

0.0718 6753.0371 0
0.4837 6753.0371 0
0.9937 6753.0371 0
0.6274 6753.0371 0
0.5424 6753.0371 0
0.2161 6753.0371 0
0.0854 6753.0371 0
0.5667 6753.0371 0
0.7828 6753.0371 0
0.8551 6753.0371 0
0.461 6753.0371 0
0.8685 6753.0371 0
0.4256 6753.0371 0
0.555 6753.0371 0
0.9185 6753.0371 0
0.9375 6753.0371 0

0.0718 6753.0371 0
0.4837 6753.0371 0
0.9937 6753.0371 0
0.6275 6753.0371 0
0.5425 6753.0371 0
0.2162 6753.0371 0
0.0853 6753.0371 0
0.5666 6753.0371 0
0.7827 6753.0371 0
0.8552 6753.0371 0
0.461 6753.0371 0
0.8686 6753.0371 0
0.4256 6753.0371 0
0.5551 6753.0371 0
0.9184 6753.0371 0
0.9374 6753.0371 0

0.0717 6753.0371 0
0.4837 6753.0371 0
0.9937 6753.0371 0
0.6275 6753.0371 0
0.5425 6753.0371 0
0.2161 6753.0371 0
0.0854 6753.0371 0
0.5667 6753.0371 0
0.7828 6753.0371 0
0.8551 6753.0371 0
0.4609 6753.0371 0
0.8685 6753.0371 0
0.4256 6753.0371 0
0.5549 6753.0371 0
0.9185 6753.0371 0
0.9375 6753.0371 0

0.0717 6753.0371 0
0.4836 6753.0371 0
0.9937 6753.0371 0
0.6274 6753.0371 0
0.5424 6753.0371 0
0.2161 6753.0371 0
0.0854 6753.0371 0
0.5667 6753.0371 0
0.7828 6753.0371 0
0.8551 6753.0371 0
0.461 6753.0371 0
0.8686 6753.0371 0
0.4257 6753.0371 0
0.555 6753.0371 0
0.9184 6753.0371 0
0.9375 6753.0371 0

0.0717 6753.0371 0
0.4837 6753.0371 0
0.9937 6753.0371 0
0.6274 6753.0371 0
0.5424 6753.0371 0
0.2161 6753.0371 0
0.0854 6753.0371 0
0.5667 6753.0371 0
0.7828 6753.0371 0
0.8551 6753.0371 0
0.461 6753.0371 0
0.8685 6753.0371 0
0.4257 6753.0371 0
0.5549 6753.0371 0
0.9184 6753.0371 0
0.9375 6753.0371 0

0.0718 6753.0371 0
0.4838 6753.0371 0
0.9938 6753.0371 0
0.6274 6753.0371 0
0.5424 6753.0371 0
0.2161 6753.0371 0
0.0854 6753.0371 0
0.5666 6753.0371 0
0.7827 6753.0371 0
0.8551 6753.0371 0
0.461 6753.0371 0
0.8685 6753.0371 0
0.4256 6753.0371 0
0.555 6753.0371 0
0.9185 6753.0371 0
0.9375 6753.0371 0

0.0717 6753.0371 0
0.4837 6753.0371 0
0.9937 6753.0371 0
0.6274 6753.0371 0
0.5424 6753.0371 0
0.2161 6753.0371 0
0.0855 6753.0371 0
0.5667 6753.0371 0
0.7828 6753.0371 0
0.8551 6753.0371 0
0.461 6753.0371 0
0.8685 6753.0371 0
0.4256 6753.0371 0
0.5549 6753.0371 0
0.9185 6753.0371 0
0.9376 6753.0371 0

0.0718 6753.0371 0
0.4837 6753.0371 0
0.9938 6753.0371 0
0.6274 6753.0371 0
0.5424 6753.0371 0
0.216 6753.0371 0
0.0854 6753.0371 0
0.5667 6753.0371 0
0.7828 6753.0371 0
0.855 6753.0371 0
0.4609 6753.0371 0
0.8685 6753.0371 0
0.4256 6753.0371 0
0.5549 6753.0371 0
0.9185 6753.0371 0
0.9375 6753.0371 0

0.0717 6753.0371 0
0.4836 6753.0371 0
0.9937 6753.0371 0
0.6274 6753.0371 0
0.5424 6753.0371 0
0.2161 6753.0371 0
0.0854 6753.0371 0
0.5667 6753.0371 0
0.7828 6753.0371 0
0.8551 6753.0371 0
0.461 6753.0371 0
0.8686 6753.0371 0
0.4256 6753.0371 0
0.5549 6753.0371 0
0.9185 6753.0371 0
0.9375 6753.0371 0

0.0717 6753.0371 0
0.4836 6753.0371 0
0.9936 6753.0371 0
0.6274 6753.0371 0
0.5424 6753.0371 0
0.216 6753.0371 0
0.0855 6753.0371 0
0.5667 6753.0371 0
0.7828 6753.0371 0
0.8552 6753.0371 0
0.461 6753.0371 0
0.8686 6753.0371 0
0.4256 6753.0371 0
0.5549 6753.0371 0
0.9185 6753.0371 0
0.9375 6753.0371 0

0.0717 6753.0371 0
0.4837 6753.0371 0
0.9937 6753.0371 0
0.6275 6753.0371 0
0.5424 6753.0371 0
0.2161 6753.0371 0
0.0854 6753.0371 0
0.5667 6753.0371 0
0.7828 6753.0371 0
0.8551 6753.0371 0
0.461 6753.0371 0
0.8685 6753.0371 0
0.4256 6753.0371 0
0.555 6753.0371 0
0.9184 6753.0371 0
0.9376 6753.0371 0

