0.0778 7791.9006 0
0.1262 7791.9006 0
0.2042 7791.9006 0
0.0666 7791.9006 0
0.0253 7791.9006 0
0.0896 7791.9006 0
0.1862 7791.9006 0
0.036 7791.9006 0
0.1003 7791.9006 0
0.2503 7791.9006 0
0.001 7791.9006 0
0.2984 7791.9006 0
0.999 7791.9006 0
0.9989 7791.9006 0
0.999 7791.9006 0
0.8973 7791.9006 0

0.0677 7791.9006 0
0.1167 7791.9006 0
0.1955 7791.9006 0
0.094 7791.9006 0
0.054 7791.9006 0
0.1164 7791.9006 0
0.1589 7791.9006 0
0.0036 7791.9006 0
0.0701 7791.9006 0
0.2608 7791.9006 0
0.0149 7791.9006 0
0.3082 7791.9006 0
0.9198 7791.9006 0
0.999 7791.9006 0
0.9746 7791.9006 0
0.9989 7791.9006 0

0.1292 7791.9006 0
0.1749 7791.9006 0
0.2486 7791.9006 0
0.0432 7791.9006 0
0.001 7791.9006 0
0.0669 7791.9006 0
0.1572 7791.9006 0
0.0016 7791.9006 0
0.0682 7791.9006 0
0.2521 7791.9006 0
0.0034 7791.9006 0
0.3001 7791.9006 0
0.999 7791.9006 0
0.999 7791.9006 0
0.999 7791.9006 0
0.8972 7791.9006 0

0.0752 7791.9006 0
0.1237 7791.9006 0
0.202 7791.9006 0
0.0629 7791.9006 0
0.0214 7791.9006 0
0.086 7791.9006 0
0.1633 7791.9006 0
0.0089 7791.9006 0
0.075 7791.9006 0
0.2758 7791.9006 0
0.0349 7791.9006 0
0.3222 7791.9006 0
0.999 7791.9006 0
0.8972 7791.9006 0
0.999 7791.9006 0
0.999 7791.9006 0

0.0361 7791.9006 0
0.0867 7791.9006 0
0.1683 7791.9006 0
0.0742 7791.9006 0
0.0333 7791.9006 0
0.097 7791.9006 0
0.2119 7791.9006 0
0.0665 7791.9006 0
0.1287 7791.9006 0
0.2533 7791.9006 0
0.0049 7791.9006 0
0.3011 7791.9006 0
0.999 7791.9006 0
0.999 7791.9006 0
0.999 7791.9006 0
0.8972 7791.9006 0

0.004 7791.9006 0
0.0562 7791.9006 0
0.1405 7791.9006 0
0.0834 7791.9006 0
0.0429 7791.9006 0
0.106 7791.9006 0
0.2328 7791.9006 0
0.0912 7791.9006 0
0.1517 7791.9006 0
0.2503 7791.9006 0
0.001 7791.9006 0
0.2984 7791.9006 0
0.999 7791.9006 0
0.999 7791.9006 0
0.8972 7791.9006 0
0.999 7791.9006 0

0.0386 7791.9006 0
0.0891 7791.9006 0
0.1704 7791.9006 0
0.136 7791.9006 0
0.0979 7791.9006 0
0.1573 7791.9006 0
0.1567 7791.9006 0
0.001 7791.9006 0
0.0676 7791.9006 0
0.2503 7791.9006 0
0.001 7791.9006 0
0.2984 7791.9006 0
0.999 7791.9006 0
0.999 7791.9006 0
0.999 7791.9006 0
0.8972 7791.9006 0

0.001 7791.9006 0
0.0534 7791.9006 0
0.138 7791.9006 0
0.1327 7791.9006 0
0.0943 7791.9006 0
0.154 7791.9006 0
0.1916 7791.9006 0
0.0424 7791.9006 0
0.1062 7791.9006 0
0.2503 7791.9006 0
0.001 7791.9006 0
0.2984 7791.9006 0
0.999 7791.9006 0
0.9633 7791.9006 0
0.9304 7791.9006 0
0.999 7791.9006 0

0.001 7791.9006 0
0.0534 7791.9006 0
0.138 7791.9006 0
0.089 7791.9006 0
0.0487 7791.9006 0
0.1114 7791.9006 0
0.2303 7791.9006 0
0.0883 7791.9006 0
0.149 7791.9006 0
0.2504 7791.9006 0
0.001 7791.9006 0
0.2984 7791.9006 0
0.999 7791.9006 0
0.9956 7791.9006 0
0.9004 7791.9006 0
0.9989 7791.9006 0

0.1258 7791.9006 0
0.1716 7791.9006 0
0.2456 7791.9006 0
0.0499 7791.9006 0
0.0079 7791.9006 0
0.0733 7791.9006 0
0.1567 7791.9006 0
0.001 7791.9006 0
0.0676 7791.9006 0
0.2503 7791.9006 0
0.001 7791.9006 0
0.2984 7791.9006 0
0.9394 7791.9006 0
0.9976 7791.9006 0
0.998 7791.9006 0
0.9564 7791.9006 0

0.0171 7791.9006 0
0.0686 7791.9006 0
0.1518 7791.9006 0
0.0704 7791.9006 0
0.0293 7791.9006 0
0.0933 7791.9006 0
0.2334 7791.9006 0
0.0919 7791.9006 0
0.1525 7791.9006 0
0.2503 7791.9006 0
0.001 7791.9006 0
0.2984 7791.9006 0
0.98 7791.9006 0
0.976 7791.9006 0
0.9362 7791.9006 0
0.999 7791.9006 0

0.0616 7791.9006 0
0.1108 7791.9006 0
0.1902 7791.9006 0
0.0828 7791.9006 0
0.0422 7791.9006 0
0.1054 7791.9006 0
0.1862 7791.9006 0
0.036 7791.9006 0
0.1002 7791.9006 0
0.2503 7791.9006 0
0.001 7791.9006 0
0.2984 7791.9006 0
0.999 7791.9006 0
0.999 7791.9006 0
0.999 7791.9006 0
0.8972 7791.9006 0

0.0203 7791.9006 0
0.0718 7791.9006 0
0.1547 7791.9006 0
0.1027 7791.9006 0
0.0631 7791.9006 0
0.1248 7791.9006 0
0.2031 7791.9006 0
0.056 7791.9006 0
0.119 7791.9006 0
0.2504 7791.9006 0
0.001 7791.9006 0
0.2984 7791.9006 0
0.9888 7791.9006 0
0.9767 7791.9006 0
0.999 7791.9006 0
0.9272 7791.9006 0

0.001 7791.9006 0
0.0534 7791.9006 0
0.138 7791.9006 0
0.0471 7791.9006 0
0.005 7791.9006 0
0.0706 7791.9006 0
0.1572 7791.9006 0
0.0016 7791.9006 0
0.0683 7791.9006 0
0.3454 7791.9006 0
0.1278 7791.9006 0
0.3874 7791.9006 0
0.998 7791.9006 0
0.9987 7791.9006 0
0.9589 7791.9006 0
0.936 7791.9006 0

0.0109 7791.9006 0
0.0628 7791.9006 0
0.1465 7791.9006 0
0.1121 7791.9006 0
0.0729 7791.9006 0
0.134 7791.9006 0
0.2024 7791.9006 0
0.0552 7791.9006 0
0.1182 7791.9006 0
0.2503 7791.9006 0
0.001 7791.9006 0
0.2984 7791.9006 0
0.9971 7791.9006 0
0.9538 7791.9006 0
0.9783 7791.9006 0
0.9614 7791.9006 0

0.0329 7791.9006 0
0.0836 7791.9006 0
0.1655 7791.9006 0
0.0433 7791.9006 0
0.001 7791.9006 0
0.0669 7791.9006 0
0.2429 7791.9006 0
0.1032 7791.9006 0
0.163 7791.9006 0
0.2503 7791.9006 0
0.001 7791.9006 0
0.2984 7791.9006 0
0.9358 7791.9006 0
0.9946 7791.9006 0
0.9986 7791.9006 0
0.9624 7791.9006 0

0.001 7791.9006 0
0.0534 7791.9006 0
0.138 7791.9006 0
0.0586 7791.9006 0
0.017 7791.9006 0
0.0818 7791.9006 0
0.2543 7791.9006 0
0.1167 7791.9006 0
0.1756 7791.9006 0
0.2512 7791.9006 0
0.0021 7791.9006 0
0.2992 7791.9006 0
0.999 7791.9006 0
0.9863 7791.9006 0
0.999 7791.9006 0
0.9087 7791.9006 0

0.1122 7791.9006 0
0.1588 7791.9006 0
0.2339 7791.9006 0
0.0472 7791.9006 0
0.0051 7791.9006 0
0.0707 7791.9006 0
0.1719 7791.9006 0
0.0191 7791.9006 0
0.0845 7791.9006 0
0.2503 7791.9006 0
0.001 7791.9006 0
0.2984 7791.9006 0
0.9765 7791.9006 0
0.999 7791.9006 0
0.9178 7791.9006 0
0.999 7791.9006 0

0.0291 7791.9006 0
0.0801 7791.9006 0
0.1622 7791.9006 0
0.0699 7791.9006 0
0.0288 7791.9006 0
0.0928 7791.9006 0
0.2152 7791.9006 0
0.0704 7791.9006 0
0.1324 7791.9006 0
0.259 7791.9006 0
0.0125 7791.9006 0
0.3065 7791.9006 0
0.999 7791.9006 0
0.999 7791.9006 0
0.9801 7791.9006 0
0.9144 7791.9006 0

0.001 7791.9006 0
0.0534 7791.9006 0
0.138 7791.9006 0
0.0443 7791.9006 0
0.0021 7791.9006 0
0.0679 7791.9006 0
0.2663 7791.9006 0
0.1309 7791.9006 0
0.1888 7791.9006 0
0.2503 7791.9006 0
0.001 7791.9006 0
0.2984 7791.9006 0
0.9935 7791.9006 0
0.9417 7791.9006 0
0.9945 7791.9006 0
0.9614 7791.9006 0

