0.0288 6834.7052 0
0.3941 6834.7052 0
0.8887 6834.7052 0
0.4507 6834.7052 0
0.3645 6834.7052 0
0.1173 6834.7052 0
0.001 6834.7052 0
0.4152 6834.7052 0
0.5802 6834.7052 0
0.3496 6834.7052 0
0.001 6834.7052 0
0.3363 6834.7052 0
0.4272 6834.7052 0
0.7333 6834.7052 0
0.958 6834.7052 0
0.999 6834.7052 0

0.0289 6834.7052 0
0.3942 6834.7052 0
0.8889 6834.7052 0
0.4506 6834.7052 0
0.3644 6834.7052 0
0.1173 6834.7052 0
0.001 6834.7052 0
0.4152 6834.7052 0
0.5802 6834.7052 0
0.3497 6834.7052 0
0.001 6834.7052 0
0.3363 6834.7052 0
0.4271 6834.7052 0
0.7334 6834.7052 0
0.9579 6834.7052 0
0.999 6834.7052 0

0.0288 6834.7052 0
0.3941 6834.7052 0
0.8887 6834.7052 0
0.4507 6834.7052 0
0.3645 6834.7052 0
0.1173 6834.7052 0
0.001 6834.7052 0
0.4152 6834.7052 0
0.5802 6834.7052 0
0.3496 6834.7052 0
0.001 6834.7052 0
0.3362 6834.7052 0
0.4271 6834.7052 0
0.7334 6834.7052 0
0.9578 6834.7052 0
0.999 6834.7052 0

0.0288 6834.7052 0
0.3941 6834.7052 0
0.8887 6834.7052 0
0.4507 6834.7052 0
0.3645 6834.7052 0
0.1174 6834.7052 0
0.001 6834.7052 0
0.4152 6834.7052 0
0.5802 6834.7052 0
0.3497 6834.7052 0
0.001 6834.7052 0
0.3363 6834.7052 0
0.4271 6834.7052 0
0.7333 6834.7052 0
0.9579 6834.7052 0
0.999 6834.7052 0

0.0288 6834.7052 0
0.3941 6834.7052 0
0.8887 6834.7052 0
0.4506 6834.7052 0
0.3644 6834.7052 0
0.1173 6834.7052 0
0.001 6834.7052 0
0.4153 6834.7052 0
0.5803 6834.7052 0
0.3497 6834.7052 0
0.001 6834.7052 0
0.3363 6834.7052 0
0.4272 6834.7052 0
0.7334 6834.7052 0
0.9579 6834.7052 0
0.999 6834.7052 0

0.0289 6834.7052 0
0.3942 6834.7052 0
0.8888 6834.7052 0
0.4506 6834.7052 0
0.3644 6834.7052 0
0.1173 6834.7052 0
0.001 6834.7052 0
0.4153 6834.7052 0
0.5803 6834.7052 0
0.3497 6834.7052 0
0.001 6834.7052 0
0.3363 6834.7052 0
0.4272 6834.7052 0
0.7334 6834.7052 0
0.9578 6834.7052 0
0.999 6834.7052 0

0.0288 6834.7052 0
0.3941 6834.7052 0
0.8887 6834.7052 0
0.4506 6834.7052 0
0.3645 6834.7052 0
0.1173 6834.7052 0
0.001 6834.7052 0
0.4153 6834.7052 0
0.5803 6834.7052 0
0.3497 6834.7052 0
0.001 6834.7052 0
0.3363 6834.7052 0
0.4272 6834.7052 0
0.7334 6834.7052 0
0.9578 6834.7052 0
0.999 6834.7052 0

0.0288 6834.7052 0
0.3942 6834.7052 0
0.8888 6834.7052 0
0.4507 6834.7052 0
0.3645 6834.7052 0
0.1174 6834.7052 0
0.001 6834.7052 0
0.4152 6834.7052 0
0.5802 6834.7052 0
0.3496 6834.7052 0
0.001 6834.7052 0
0.3363 6834.7052 0
0.4271 6834.7052 0
0.7335 6834.7052 0
0.9579 6834.7052 0
0.999 6834.7052 0

0.0289 6834.7052 0
0.3941 6834.7052 0
0.8887 6834.7052 0
0.4506 6834.7052 0
0.3645 6834.7052 0
0.1173 6834.7052 0
0.001 6834.7052 0
0.4153 6834.7052 0
0.5803 6834.7052 0
0.3497 6834.7052 0
0.001 6834.7052 0
0.3363 6834.7052 0
0.4272 6834.7052 0
0.7334 6834.7052 0
0.9578 6834.7052 0
0.999 6834.7052 0

0.0289 6834.7052 0
0.3942 6834.7052 0
0.8888 6834.7052 0
0.4506 6834.7052 0
0.3644 6834.7052 0
0.1173 6834.7052 0
0.001 6834.7052 0
0.4152 6834.7052 0
0.5802 6834.7052 0
0.3497 6834.7052 0
0.001 6834.7052 0
0.3363 6834.7052 0
0.4271 6834.7052 0
0.7333 6834.7052 0
0.9579 6834.7052 0
0.999 6834.7052 0

0.0288 6834.7052 0
0.3941 6834.7052 0
0.8887 6834.7052 0
0.4506 6834.7052 0
0.3645 6834.7052 0
0.1173 6834.7052 0
0.001 6834.7052 0
0.4153 6834.7052 0
0.5803 6834.7052 0
0.3497 6834.7052 0
0.001 6834.7052 0
0.3363 6834.7052 0
0.4271 6834.7052 0
0.7334 6834.7052 0
0.9578 6834.7052 0
0.999 6834.7052 0

0.0288 6834.7052 0
0.3942 6834.7052 0
0.8888 6834.7052 0
0.4506 6834.7052 0
0.3644 6834.7052 0
0.1173 6834.7052 0
0.001 6834.7052 0
0.4152 6834.7052 0
0.5802 6834.7052 0
0.3497 6834.7052 0
0.001 6834.7052 0
0.3363 6834.7052 0
0.4272 6834.7052 0
0.7334 6834.7052 0
0.9579 6834.7052 0
0.999 6834.7052 0

0.0288 6834.7052 0
0.3941 6834.7052 0
0.8887 6834.7052 0
0.4507 6834.7052 0
0.3645 6834.7052 0
0.1174 6834.7052 0
0.001 6834.7052 0
0.4152 6834.7052 0
0.5802 6834.7052 0
0.3496 6834.7052 0
0.001 6834.7052 0
0.3362 6834.7052 0
0.4271 6834.7052 0
0.7333 6834.7052 0
0.9579 6834.7052 0
0.999 6834.7052 0

0.0289 6834.7052 0
0.3942 6834.7052 0
0.8888 6834.7052 0
0.4506 6834.7052 0
0.3644 6834.7052 0
0.1173 6834.7052 0
0.001 6834.7052 0
0.4152 6834.7052 0
0.5802 6834.7052 0
0.3497 6834.7052 0
0.001 6834.7052 0
0.3363 6834.7052 0
0.4271 6834.7052 0
0.7334 6834.7052 0
0.9579 6834.7052 0
0.999 6834.7052 0

0.0288 6834.7052 0
0.3941 6834.7052 0
0.8887 6834.7052 0
0.4506 6834.7052 0
0.3645 6834.7052 0
0.1173 6834.7052 0
0.001 6834.7052 0
0.4153 6834.7052 0
0.5802 6834.7052 0
0.3497 6834.7052 0
0.001 6834.7052 0
0.3363 6834.7052 0
0.4272 6834.7052 0
0.7334 6834.7052 0
0.9579 6834.7052 0
0.999 6834.7052 0

0.0288 6834.7052 0
0.3941 6834.7052 0
0.8887 6834.7052 0
0.4506 6834.7052 0
0.3645 6834.7052 0
0.1173 6834.7052 0
0.001 6834.7052 0
0.4152 6834.7052 0
0.5802 6834.7052 0
0.3497 6834.7052 0
0.001 6834.7052 0
0.3363 6834.7052 0
0.4272 6834.7052 0
0.7334 6834.7052 0
0.9579 6834.7052 0
0.999 6834.7052 0

0.0288 6834.7052 0
0.3942 6834.7052 0
0.8887 6834.7052 0
0.4507 6834.7052 0
0.3645 6834.7052 0
0.1173 6834.7052 0
0.001 6834.7052 0
0.4152 6834.7052 0
0.5802 6834.7052 0
0.3496 6834.7052 0
0.001 6834.7052 0
0.3362 6834.7052 0
0.4271 6834.7052 0
0.7333 6834.7052 0
0.958 6834.7052 0
0.999 6834.7052 0

0.0288 6834.7052 0
0.394 6834.7052 0
0.8886 6834.7052 0
0.4507 6834.7052 0
0.3645 6834.7052 0
0.1174 6834.7052 0
0.001 6834.7052 0
0.4152 6834.7052 0
0.5802 6834.7052 0
0.3496 6834.7052 0
0.001 6834.7052 0
0.3363 6834.7052 0
0.4272 6834.7052 0
0.7332 6834.7052 0
0.958 6834.7052 0
0.999 6834.7052 0

0.0288 6834.7052 0
0.3942 6834.7052 0
0.8888 6834.7052 0
0.4506 6834.7052 0
0.3645 6834.7052 0
0.1173 6834.7052 0
0.001 6834.7052 0
0.4152 6834.7052 0
0.5802 6834.7052 0
0.3497 6834.7052 0
0.001 6834.7052 0
0.3363 6834.7052 0
0.4271 6834.7052 0
0.7334 6834.7052 0
0.9579 6834.7052 0
0.999 6834.7052 0

0.0288 6834.7052 0
0.3942 6834.7052 0
0.8888 6834.7052 0
0.4506 6834.7052 0
0.3645 6834.7052 0
0.1173 6834.7052 0
0.001 6834.7052 0
0.4152 6834.7052 0
0.5802 6834.7052 0
0.3497 6834.7052 0
0.001 6834.7052 0
0.3363 6834.7052 0
0.4271 6834.7052 0
0.7334 6834.7052 0
0.9579 6834.7052 0
0.999 6834.7052 0

