0.3046 7497.2523 0
0.5483 7497.2523 0
0.9713 7497.2523 0
0.6043 7497.2523 0
0.497 7497.2523 0
0.6718 7497.2523 0
0.9179 7497.2523 0
0.6014 7497.2523 0
0.7542 7497.2523 0
0.899 7497.2523 0
0.5324 7497.2523 0
0.9424 7497.2523 0
0.2277 7497.2523 0
0.5503 7497.2523 0
0.6297 7497.2523 0
0.999 7497.2523 0

0.3046 7497.2523 0
0.5482 7497.2523 0
0.9712 7497.2523 0
0.6043 7497.2523 0
0.497 7497.2523 0
0.6718 7497.2523 0
0.9178 7497.2523 0
0.6015 7497.2523 0
0.7542 7497.2523 0
0.8991 7497.2523 0
0.5324 7497.2523 0
0.9425 7497.2523 0
0.2277 7497.2523 0
0.55 7497.2523 0
0.6301 7497.2523 0
0.999 7497.2523 0

0.3046 7497.2523 0
0.5482 7497.2523 0
0.9712 7497.2523 0
0.6043 7497.2523 0
0.497 7497.2523 0
0.6719 7497.2523 0
0.9179 7497.2523 0
0.6015 7497.2523 0
0.7542 7497.2523 0
0.899 7497.2523 0
0.5324 7497.2523 0
0.9424 7497.2523 0
0.2277 7497.2523 0
0.5501 7497.2523 0
0.6299 7497.2523 0
0.999 7497.2523 0

0.3045 7497.2523 0
0.5482 7497.2523 0
0.9711 7497.2523 0
0.6043 7497.2523 0
0.497 7497.2523 0
0.6719 7497.2523 0
0.9177 7497.2523 0
0.6014 7497.2523 0
0.7541 7497.2523 0
0.8992 7497.2523 0
0.5325 7497.2523 0
0.9426 7497.2523 0
0.2277 7497.2523 0
0.5501 7497.2523 0
0.6303 7497.2523 0
0.999 7497.2523 0

0.3045 7497.2524 0
0.5481 7497.2524 0
0.9712 7497.2524 0
0.6042 7497.2524 0
0.497 7497.2524 0
0.6717 7497.2524 0
0.9181 7497.2524 0
0.6016 7497.2524 0
0.7544 7497.2524 0
0.8991 7497.2524 0
0.5324 7497.2524 0
0.9424 7497.2524 0
0.2276 7497.2524 0
0.5504 7497.2524 0
0.6298 7497.2524 0
0.999 7497.2524 0

0.3046 7497.2523 0
0.5482 7497.2523 0
0.9712 7497.2523 0
0.6043 7497.2523 0
0.497 7497.2523 0
0.6718 7497.2523 0
0.9177 7497.2523 0
0.6014 7497.2523 0
0.7541 7497.2523 0
0.8992 7497.2523 0
0.5325 7497.2523 0
0.9426 7497.2523 0
0.2277 7497.2523 0
0.5501 7497.2523 0
0.6301 7497.2523 0
0.999 7497.2523 0

0.3046 7497.2523 0
0.5482 7497.2523 0
0.9711 7497.2523 0
0.6043 7497.2523 0
0.497 7497.2523 0
0.6718 7497.2523 0
0.9179 7497.2523 0
0.6015 7497.2523 0
0.7543 7497.2523 0
0.899 7497.2523 0
0.5324 7497.2523 0
0.9425 7497.2523 0
0.2277 7497.2523 0
0.5501 7497.2523 0
0.6302 7497.2523 0
0.999 7497.2523 0

0.3069 7577.4298 0
0.5652 7577.4298 0
0.9556 7577.4298 0
0.5636 7577.4298 0
0.5036 7577.4298 0
0.6833 7577.4298 0
0.2324 7577.4298 0
0.9776 7577.4298 0
0.7041 7577.4298 0
0.744 7577.4298 0
0.4524 7577.4298 0
0.8092 7577.4298 0
0.2302 7577.4298 0
0.5677 7577.4298 0
0.001 7577.4298 0
0.999 7577.4298 0

0.3046 7497.2523 0
0.5482 7497.2523 0
0.9711 7497.2523 0
0.6043 7497.2523 0
0.497 7497.2523 0
0.6718 7497.2523 0
0.9179 7497.2523 0
0.6015 7497.2523 0
0.7542 7497.2523 0
0.8991 7497.2523 0
0.5324 7497.2523 0
0.9424 7497.2523 0
0.2277 7497.2523 0
0.55 7497.2523 0
0.63 7497.2523 0
0.999 7497.2523 0

0.3045 7497.2523 0
0.5482 7497.2523 0
0.9712 7497.2523 0
0.6043 7497.2523 0
0.497 7497.2523 0
0.6719 7497.2523 0
0.9179 7497.2523 0
0.6015 7497.2523 0
0.7542 7497.2523 0
0.8989 7497.2523 0
0.5323 7497.2523 0
0.9422 7497.2523 0
0.2277 7497.2523 0
0.5498 7497.2523 0
0.63 7497.2523 0
0.999 7497.2523 0

0.3046 7497.2523 0
0.5482 7497.2523 0
0.9711 7497.2523 0
0.6042 7497.2523 0
0.497 7497.2523 0
0.6718 7497.2523 0
0.9177 7497.2523 0
0.6014 7497.2523 0
0.7541 7497.2523 0
0.8993 7497.2523 0
0.5325 7497.2523 0
0.9426 7497.2523 0
0.2277 7497.2523 0
0.5502 7497.2523 0
0.63 7497.2523 0
0.999 7497.2523 0

0.3046 7497.2523 0
0.5483 7497.2523 0
0.9712 7497.2523 0
0.6043 7497.2523 0
0.497 7497.2523 0
0.6718 7497.2523 0
0.9179 7497.2523 0
0.6015 7497.2523 0
0.7542 7497.2523 0
0.8991 7497.2523 0
0.5325 7497.2523 0
0.9425 7497.2523 0
0.2277 7497.2523 0
0.5502 7497.2523 0
0.6299 7497.2523 0
0.999 7497.2523 0

0.3046 7497.2523 0
0.5482 7497.2523 0
0.9713 7497.2523 0
0.6043 7497.2523 0
0.497 7497.2523 0
0.6718 7497.2523 0
0.9177 7497.2523 0
0.6014 7497.2523 0
0.7541 7497.2523 0
0.8991 7497.2523 0
0.5325 7497.2523 0
0.9425 7497.2523 0
0.2277 7497.2523 0
0.5501 7497.2523 0
0.6303 7497.2523 0
0.999 7497.2523 0

0.3045 7497.2523 0
0.5482 7497.2523 0
0.9713 7497.2523 0
0.6043 7497.2523 0
0.497 7497.2523 0
0.6719 7497.2523 0
0.9177 7497.2523 0
0.6014 7497.2523 0
0.7541 7497.2523 0
0.8991 7497.2523 0
0.5325 7497.2523 0
0.9425 7497.2523 0
0.2277 7497.2523 0
0.55 7497.2523 0
0.6303 7497.2523 0
0.999 7497.2523 0

0.3046 7497.2523 0
0.5481 7497.2523 0
0.9712 7497.2523 0
0.6043 7497.2523 0
0.497 7497.2523 0
0.6718 7497.2523 0
0.9177 7497.2523 0
0.6014 7497.2523 0
0.7541 7497.2523 0
0.8992 7497.2523 0
0.5325 7497.2523 0
0.9426 7497.2523 0
0.2277 7497.2523 0
0.5501 7497.2523 0
0.6303 7497.2523 0
0.999 7497.2523 0

0.3046 7497.2523 0
0.5481 7497.2523 0
0.9711 7497.2523 0
0.6043 7497.2523 0
0.497 7497.2523 0
0.6718 7497.2523 0
0.9179 7497.2523 0
0.6015 7497.2523 0
0.7543 7497.2523 0
0.8991 7497.2523 0
0.5324 7497.2523 0
0.9425 7497.2523 0
0.2277 7497.2523 0
0.5501 7497.2523 0
0.6301 7497.2523 0
0.999 7497.2523 0

0.3045 7497.2523 0
0.5482 7497.2523 0
0.9711 7497.2523 0
0.6043 7497.2523 0
0.497 7497.2523 0
0.6718 7497.2523 0
0.9176 7497.2523 0
0.6014 7497.2523 0
0.754 7497.2523 0
0.8992 7497.2523 0
0.5325 7497.2523 0
0.9426 7497.2523 0
0.2277 7497.2523 0
0.5501 7497.2523 0
0.6302 7497.2523 0
0.999 7497.2523 0

0.3046 7497.2524 0
0.5482 7497.2524 0
0.9714 7497.2524 0
0.6042 7497.2524 0
0.497 7497.2524 0
0.6718 7497.2524 0
0.9179 7497.2524 0
0.6015 7497.2524 0
0.7543 7497.2524 0
0.8989 7497.2524 0
0.5323 7497.2524 0
0.9422 7497.2524 0
0.2276 7497.2524 0
0.55 7497.2524 0
0.63 7497.2524 0
0.999 7497.2524 0

0.3046 7497.2523 0
0.5482 7497.2523 0
0.9711 7497.2523 0
0.6043 7497.2523 0
0.497 7497.2523 0
0.6719 7497.2523 0
0.9179 7497.2523 0
0.6016 7497.2523 0
0.7543 7497.2523 0
0.899 7497.2523 0
0.5324 7497.2523 0
0.9423 7497.2523 0
0.2277 7497.2523 0
0.5499 7497.2523 0
0.6304 7497.2523 0
0.999 7497.2523 0

0.3046 7497.2523 0
0.5481 7497.2523 0
0.9712 7497.2523 0
0.6043 7497.2523 0
0.497 7497.2523 0
0.6718 7497.2523 0
0.9178 7497.2523 0
0.6015 7497.2523 0
0.7542 7497.2523 0
0.8991 7497.2523 0
0.5325 7497.2523 0
0.9425 7497.2523 0
0.2277 7497.2523 0
0.5501 7497.2523 0
0.6301 7497.2523 0
0.999 7497.2523 0

