0.0649 6623.141 0
0.5231 6623.141 0
0.999 6623.141 0
0.6581 6623.141 0
0.3941 6623.141 0
0.0338 6623.141 0
0.001 6623.141 0
0.5346 6623.141 0
0.6808 6623.141 0
0.1575 6623.141 0
0.4699 6623.141 0
0.6357 6623.141 0
0.477 6623.141 0
0.7353 6623.141 0
0.9461 6623.141 0
0.9675 6623.141 0

0.065 6623.1411 0
0.5231 6623.1411 0
0.999 6623.1411 0
0.658 6623.1411 0
0.394 6623.1411 0
0.0338 6623.1411 0
0.001 6623.1411 0
0.5346 6623.1411 0
0.6808 6623.1411 0
0.1576 6623.1411 0
0.4699 6623.1411 0
0.6358 6623.1411 0
0.477 6623.1411 0
0.7352 6623.1411 0
0.9461 6623.1411 0
0.9676 6623.1411 0

0.0651 6623.1411 0
0.5232 6623.1411 0
0.999 6623.1411 0
0.6579 6623.1411 0
0.3939 6623.1411 0
0.0336 6623.1411 0
0.001 6623.1411 0
0.5346 6623.1411 0
0.6808 6623.1411 0
0.1576 6623.1411 0
0.47 6623.1411 0
0.6358 6623.1411 0
0.477 6623.1411 0
0.7352 6623.1411 0
0.946 6623.1411 0
0.9676 6623.1411 0

0.0649 6623.1411 0
0.523 6623.1411 0
0.999 6623.1411 0
0.6581 6623.1411 0
0.3941 6623.1411 0
0.0339 6623.1411 0
0.001 6623.1411 0
0.5346 6623.1411 0
0.6809 6623.1411 0
0.1575 6623.1411 0
0.4699 6623.1411 0
0.6357 6623.1411 0
0.477 6623.1411 0
0.7354 6623.1411 0
0.9459 6623.1411 0
0.9676 6623.1411 0

0.0651 6623.1411 0
0.5232 6623.1411 0
0.999 6623.1411 0
0.6579 6623.1411 0
0.3938 6623.1411 0
0.0336 6623.1411 0
0.001 6623.1411 0
0.5346 6623.1411 0
0.6808 6623.1411 0
0.1577 6623.1411 0
0.47 6623.1411 0
0.6358 6623.1411 0
0.477 6623.1411 0
0.7353 6623.1411 0
0.9461 6623.1411 0
0.9676 6623.1411 0

0.0649 6623.141 0
0.5231 6623.141 0
0.999 6623.141 0
0.6581 6623.141 0
0.3942 6623.141 0
0.0339 6623.141 0
0.001 6623.141 0
0.5346 6623.141 0
0.6808 6623.141 0
0.1574 6623.141 0
0.4698 6623.141 0
0.6357 6623.141 0
0.477 6623.141 0
0.7354 6623.141 0
0.946 6623.141 0
0.9673 6623.141 0

0.0648 6623.141 0
0.523 6623.141 0
0.999 6623.141 0
0.6582 6623.141 0
0.3943 6623.141 0
0.034 6623.141 0
0.001 6623.141 0
0.5346 6623.141 0
0.6809 6623.141 0
0.1573 6623.141 0
0.4698 6623.141 0
0.6356 6623.141 0
0.477 6623.141 0
0.7354 6623.141 0
0.946 6623.141 0
0.9675 6623.141 0

0.0649 6623.141 0
0.5231 6623.141 0
0.999 6623.141 0
0.6581 6623.141 0
0.3942 6623.141 0
0.0339 6623.141 0
0.001 6623.141 0
0.5346 6623.141 0
0.6808 6623.141 0
0.1574 6623.141 0
0.4698 6623.141 0
0.6357 6623.141 0
0.4769 6623.141 0
0.7351 6623.141 0
0.9464 6623.141 0
0.9675 6623.141 0

0.065 6623.1411 0
0.5231 6623.1411 0
0.999 6623.1411 0
0.658 6623.1411 0
0.394 6623.1411 0
0.0337 6623.1411 0
0.001 6623.1411 0
0.5346 6623.1411 0
0.6808 6623.1411 0
0.1575 6623.1411 0
0.4699 6623.1411 0
0.6358 6623.1411 0
0.4771 6623.1411 0
0.7353 6623.1411 0
0.9461 6623.1411 0
0.9674 6623.1411 0

0.065 6623.141 0
0.5231 6623.141 0
0.999 6623.141 0
0.6581 6623.141 0
0.3941 6623.141 0
0.0339 6623.141 0
0.001 6623.141 0
0.5346 6623.141 0
0.6808 6623.141 0
0.1575 6623.141 0
0.4699 6623.141 0
0.6357 6623.141 0
0.477 6623.141 0
0.7352 6623.141 0
0.9463 6623.141 0
0.9674 6623.141 0

0.0649 6623.1411 0
0.523 6623.1411 0
0.999 6623.1411 0
0.6581 6623.1411 0
0.3941 6623.1411 0
0.0339 6623.1411 0
0.001 6623.1411 0
0.5346 6623.1411 0
0.6808 6623.1411 0
0.1575 6623.1411 0
0.4699 6623.1411 0
0.6357 6623.1411 0
0.477 6623.1411 0
0.7355 6623.1411 0
0.9459 6623.1411 0
0.9675 6623.1411 0

0.0649 6623.141 0
0.5231 6623.141 0
0.999 6623.141 0
0.6581 6623.141 0
0.3942 6623.141 0
0.0339 6623.141 0
0.001 6623.141 0
0.5346 6623.141 0
0.6808 6623.141 0
0.1573 6623.141 0
0.4698 6623.141 0
0.6357 6623.141 0
0.477 6623.141 0
0.7351 6623.141 0
0.9463 6623.141 0
0.9674 6623.141 0

0.0648 6623.141 0
0.523 6623.141 0
0.999 6623.141 0
0.6582 6623.141 0
0.3942 6623.141 0
0.034 6623.141 0
0.001 6623.141 0
0.5346 6623.141 0
0.6809 6623.141 0
0.1573 6623.141 0
0.4698 6623.141 0
0.6357 6623.141 0
0.4769 6623.141 0
0.7355 6623.141 0
0.946 6623.141 0
0.9673 6623.141 0

0.0648 6623.1411 0
0.523 6623.1411 0
0.999 6623.1411 0
0.6581 6623.1411 0
0.3941 6623.1411 0
0.0339 6623.1411 0
0.001 6623.1411 0
0.5346 6623.1411 0
0.6808 6623.1411 0
0.1575 6623.1411 0
0.4699 6623.1411 0
0.6358 6623.1411 0
0.4769 6623.1411 0
0.7354 6623.1411 0
0.9462 6623.1411 0
0.9673 6623.1411 0

0.0649 6623.141 0
0.523 6623.141 0
0.999 6623.141 0
0.6581 6623.141 0
0.3941 6623.141 0
0.0339 6623.141 0
0.001 6623.141 0
0.5346 6623.141 0
0.6808 6623.141 0
0.1574 6623.141 0
0.4699 6623.141 0
0.6357 6623.141 0
0.477 6623.141 0
0.7354 6623.141 0
0.9461 6623.141 0
0.9674 6623.141 0

0.0649 6623.141 0
0.5231 6623.141 0
0.999 6623.141 0
0.6581 6623.141 0
0.3941 6623.141 0
0.0339 6623.141 0
0.001 6623.141 0
0.5346 6623.141 0
0.6808 6623.141 0
0.1574 6623.141 0
0.4698 6623.141 0
0.6357 6623.141 0
0.4769 6623.141 0
0.7351 6623.141 0
0.9464 6623.141 0
0.9674 6623.141 0

0.0649 6623.141 0
0.5231 6623.141 0
0.999 6623.141 0
0.6581 6623.141 0
0.3941 6623.141 0
0.0339 6623.141 0
0.001 6623.141 0
0.5346 6623.141 0
0.6808 6623.141 0
0.1574 6623.141 0
0.4698 6623.141 0
0.6357 6623.141 0
0.477 6623.141 0
0.7354 6623.141 0
0.946 6623.141 0
0.9676 6623.141 0

0.0649 6623.141 0
0.5231 6623.141 0
0.999 6623.141 0
0.6581 6623.141 0
0.3942 6623.141 0
0.0339 6623.141 0
0.001 6623.141 0
0.5346 6623.141 0
0.6808 6623.141 0
0.1574 6623.141 0
0.4698 6623.141 0
0.6357 6623.141 0
0.477 6623.141 0
0.7352 6623.141 0
0.9464 6623.141 0
0.9674 6623.141 0

0.0649 6623.141 0
0.5231 6623.141 0
0.999 6623.141 0
0.6582 6623.141 0
0.3942 6623.141 0
0.034 6623.141 0
0.001 6623.141 0
0.5346 6623.141 0
0.6808 6623.141 0
0.1574 6623.141 0
0.4698 6623.141 0
0.6357 6623.141 0
0.477 6623.141 0
0.7352 6623.141 0
0.9464 6623.141 0
0.9674 6623.141 0

0.0648 6623.141 0
0.523 6623.141 0
0.999 6623.141 0
0.6582 6623.141 0
0.3942 6623.141 0
0.0341 6623.141 0
0.001 6623.141 0
0.5346 6623.141 0
0.6809 6623.141 0
0.1573 6623.141 0
0.4698 6623.141 0
0.6356 6623.141 0
0.4769 6623.141 0
0.7356 6623.141 0
0.9459 6623.141 0
0.9673 6623.141 0

