0.0213 7022.1257 0
0.0918 7022.1257 0
0.3908 7022.1257 0
0.2387 7022.1257 0
0.136 7022.1257 0
0.0095 7022.1257 0
0.001 7022.1257 0
0.2724 7022.1257 0
0.3902 7022.1257 0
0.2439 7022.1257 0
0.001 7022.1257 0
0.1977 7022.1257 0
0.9913 7022.1257 0
0.9174 7022.1257 0
0.8837 7022.1257 0
0.9137 7022.1257 0

0.001 7022.1257 0
0.073 7022.1257 0
0.3781 7022.1257 0
0.2542 7022.1257 0
0.1535 7022.1257 0
0.0296 7022.1257 0
0.001 7022.1257 0
0.2723 7022.1257 0
0.3902 7022.1257 0
0.244 7022.1257 0
0.001 7022.1257 0
0.1978 7022.1257 0
0.9131 7022.1257 0
0.9415 7022.1257 0
0.9904 7022.1257 0
0.8625 7022.1257 0

0.001 7022.1257 0
0.0729 7022.1257 0
0.3781 7022.1257 0
0.2528 7022.1257 0
0.1519 7022.1257 0
0.0278 7022.1257 0
0.001 7022.1257 0
0.2723 7022.1257 0
0.3902 7022.1257 0
0.2454 7022.1257 0
0.0029 7022.1257 0
0.1993 7022.1257 0
0.9125 7022.1257 0
0.9619 7022.1257 0
0.949 7022.1257 0
0.8816 7022.1257 0

0.001 7022.1257 0
0.073 7022.1257 0
0.3781 7022.1257 0
0.2445 7022.1257 0
0.1425 7022.1257 0
0.0171 7022.1257 0
0.0138 7022.1257 0
0.2816 7022.1257 0
0.398 7022.1257 0
0.244 7022.1257 0
0.001 7022.1257 0
0.1978 7022.1257 0
0.8426 7022.1257 0
0.875 7022.1257 0
0.998 7022.1257 0
0.998 7022.1257 0

0.001 7022.1257 0
0.073 7022.1257 0
0.3781 7022.1257 0
0.2322 7022.1257 0
0.1286 7022.1257 0
0.001 7022.1257 0
0.001 7022.1257 0
0.2723 7022.1257 0
0.3902 7022.1257 0
0.2657 7022.1257 0
0.0296 7022.1257 0
0.2208 7022.1257 0
0.971 7022.1257 0
0.9395 7022.1257 0
0.8984 7022.1257 0
0.896 7022.1257 0

0.0115 7022.1257 0
0.0827 7022.1257 0
0.3847 7022.1257 0
0.2322 7022.1257 0
0.1285 7022.1257 0
0.001 7022.1257 0
0.0132 7022.1257 0
0.2812 7022.1257 0
0.3976 7022.1257 0
0.2487 7022.1257 0
0.0072 7022.1257 0
0.2028 7022.1257 0
0.7395 7022.1257 0
0.9964 7022.1257 0
0.9983 7022.1257 0
0.9983 7022.1257 0

0.0157 7022.1257 0
0.0866 7022.1257 0
0.3873 7022.1257 0
0.2321 7022.1257 0
0.1286 7022.1257 0
0.001 7022.1257 0
0.0152 7022.1257 0
0.2826 7022.1257 0
0.3988 7022.1257 0
0.2439 7022.1257 0
0.001 7022.1257 0
0.1978 7022.1257 0
0.8525 7022.1257 0
0.96 7022.1257 0
0.9967 7022.1257 0
0.9001 7022.1257 0

0.0192 7022.1257 0
0.0899 7022.1257 0
0.3894 7022.1257 0
0.2322 7022.1257 0
0.1286 7022.1257 0
0.001 7022.1257 0
0.0116 7022.1257 0
0.28 7022.1257 0
0.3966 7022.1257 0
0.244 7022.1257 0
0.001 7022.1257 0
0.1978 7022.1257 0
0.9984 7022.1257 0
0.983 7022.1257 0
0.9296 7022.1257 0
0.8051 7022.1257 0

0.0119 7022.1257 0
0.0831 7022.1257 0
0.3849 7022.1257 0
0.2459 7022.1257 0
0.1442 7022.1257 0
0.0189 7022.1257 0
0.001 7022.1257 0
0.2723 7022.1257 0
0.3902 7022.1257 0
0.244 7022.1257 0
0.001 7022.1257 0
0.1978 7022.1257 0
0.9098 7022.1257 0
0.999 7022.1257 0
0.9001 7022.1257 0
0.8976 7022.1257 0

0.001 7022.1257 0
0.0729 7022.1257 0
0.3781 7022.1257 0
0.2438 7022.1257 0
0.1417 7022.1257 0
0.0161 7022.1257 0
0.0147 7022.1257 0
0.2823 7022.1257 0
0.3986 7022.1257 0
0.244 7022.1257 0
0.001 7022.1257 0
0.1978 7022.1257 0
0.8899 7022.1257 0
0.9301 7022.1257 0
0.8882 7022.1257 0
0.9989 7022.1257 0

0.0117 7022.1257 0
0.0829 7022.1257 0
0.3848 7022.1257 0
0.2355 7022.1257 0
0.1323 7022.1257 0
0.0053 7022.1257 0
0.0104 7022.1257 0
0.2791 7022.1257 0
0.3959 7022.1257 0
0.2474 7022.1257 0
0.0055 7022.1257 0
0.2014 7022.1257 0
0.7495 7022.1257 0
0.9875 7022.1257 0
0.9988 7022.1257 0
0.9933 7022.1257 0

0.0022 7022.1257 0
0.0741 7022.1257 0
0.3789 7022.1257 0
0.2533 7022.1257 0
0.1525 7022.1257 0
0.0284 7022.1257 0
0.001 7022.1257 0
0.2723 7022.1257 0
0.3902 7022.1257 0
0.244 7022.1257 0
0.001 7022.1257 0
0.1978 7022.1257 0
0.9687 7022.1257 0
0.8122 7022.1257 0
0.9399 7022.1257 0
0.9931 7022.1257 0

0.021 7022.1257 0
0.0915 7022.1257 0
0.3906 7022.1257 0
0.2322 7022.1257 0
0.1285 7022.1257 0
0.001 7022.1257 0
0.001 7022.1257 0
0.2723 7022.1257 0
0.3902 7022.1257 0
0.2506 7022.1257 0
0.0098 7022.1257 0
0.2048 7022.1257 0
0.9591 7022.1257 0
0.9013 7022.1257 0
0.9479 7022.1257 0
0.8964 7022.1257 0

0.001 7022.1257 0
0.073 7022.1257 0
0.3781 7022.1257 0
0.241 7022.1257 0
0.1386 7022.1257 0
0.0125 7022.1257 0
0.001 7022.1257 0
0.2723 7022.1257 0
0.3902 7022.1257 0
0.2571 7022.1257 0
0.0183 7022.1257 0
0.2117 7022.1257 0
0.8804 7022.1257 0
0.9103 7022.1257 0
0.99 7022.1257 0
0.9256 7022.1257 0

0.001 7022.1257 0
0.073 7022.1257 0
0.3781 7022.1257 0
0.2542 7022.1257 0
0.1535 7022.1257 0
0.0296 7022.1257 0
0.001 7022.1257 0
0.2723 7022.1257 0
0.3902 7022.1257 0
0.244 7022.1257 0
0.001 7022.1257 0
0.1977 7022.1257 0
0.9982 7022.1257 0
0.9927 7022.1257 0
0.9587 7022.1257 0
0.7731 7022.1257 0

0.001 7022.1257 0
0.073 7022.1257 0
0.3781 7022.1257 0
0.2542 7022.1257 0
0.1535 7022.1257 0
0.0296 7022.1257 0
0.001 7022.1257 0
0.2723 7022.1257 0
0.3902 7022.1257 0
0.244 7022.1257 0
0.001 7022.1257 0
0.1978 7022.1257 0
0.9363 7022.1257 0
0.9465 7022.1257 0
0.878 7022.1257 0
0.9439 7022.1257 0

0.0097 7022.1257 0
0.081 7022.1257 0
0.3835 7022.1257 0
0.2372 7022.1257 0
0.1342 7022.1257 0
0.0075 7022.1257 0
0.001 7022.1257 0
0.2723 7022.1257 0
0.3902 7022.1257 0
0.2544 7022.1257 0
0.0147 7022.1257 0
0.2088 7022.1257 0
0.999 7022.1257 0
0.7917 7022.1257 0
0.9507 7022.1257 0
0.9766 7022.1257 0

0.001 7022.1257 0
0.073 7022.1257 0
0.3781 7022.1257 0
0.2542 7022.1257 0
0.1535 7022.1257 0
0.0296 7022.1257 0
0.001 7022.1257 0
0.2723 7022.1257 0
0.3902 7022.1257 0
0.244 7022.1257 0
0.001 7022.1257 0
0.1978 7022.1257 0
0.8449 7022.1257 0
0.9936 7022.1257 0
0.9787 7022.1257 0
0.8938 7022.1257 0

0.001 7022.1257 0
0.073 7022.1257 0
0.3781 7022.1257 0
0.2542 7022.1257 0
0.1535 7022.1257 0
0.0296 7022.1257 0
0.001 7022.1257 0
0.2723 7022.1257 0
0.3902 7022.1257 0
0.244 7022.1257 0
0.001 7022.1257 0
0.1978 7022.1257 0
0.9304 7022.1257 0
0.9937 7022.1257 0
0.8929 7022.1257 0
0.8896 7022.1257 0

0.0223 7022.1257 0
0.0927 7022.1257 0
0.3914 7022.1257 0
0.2379 7022.1257 0
0.135 7022.1257 0
0.0084 7022.1257 0
0.001 7022.1257 0
0.2723 7022.1257 0
0.3902 7022.1257 0
0.244 7022.1257 0
0.001 7022.1257 0
0.1978 7022.1257 0
0.8093 7022.1257 0
0.9731 7022.1257 0
0.9551 7022.1257 0
0.9763 7022.1257 0

