0.566 6749.3269 0
0.7392 6749.3269 0
0.999 6749.3269 0
0.999 6749.3269 0
0.9082 6749.3269 0
0.6945 6749.3269 0
0.6904 6749.3269 0
0.9745 6749.3269 0
0.999 6749.3269 0
0.8592 6749.3269 0
0.9823 6749.3269 0
0.999 6749.3269 0
0.4556 6749.3269 0
0.5828 6749.3269 0
0.6685 6749.3269 0
0.7962 6749.3269 0

0.5523 6863.4435 0
0.7395 6863.4435 0
0.999 6863.4435 0
0.9628 6863.4435 0
0.8453 6863.4435 0
0.631 6863.4435 0
0.2677 6863.4435 0
0.013 6863.4435 0
0.0839 6863.4435 0
0.8163 6863.4435 0
0.9562 6863.4435 0
0.999 6863.4435 0
0.4505 6863.4435 0
0.6493 6863.4435 0
0.001 6863.4435 0
0.7762 6863.4435 0

0.566 6749.3269 0
0.7391 6749.3269 0
0.999 6749.3269 0
0.999 6749.3269 0
0.9082 6749.3269 0
0.6946 6749.3269 0
0.6904 6749.3269 0
0.9745 6749.3269 0
0.999 6749.3269 0
0.8591 6749.3269 0
0.9823 6749.3269 0
0.999 6749.3269 0
0.4555 6749.3269 0
0.5832 6749.3269 0
0.6685 6749.3269 0
0.7958 6749.3269 0

0.5659 6749.3276 1
0.7391 6749.3276 1
0.999 6749.3276 1
0.999 6749.3276 1
0.9082 6749.3276 1
0.6945 6749.3276 1
0.6896 6749.3276 1
0.9745 6749.3276 1
0.999 6749.3276 1
0.8599 6749.3276 1
0.9824 6749.3276 1
0.999 6749.3276 1
0.4557 6749.3276 1
0.5824 6749.3276 1
0.6662 6749.3276 1
0.8005 6749.3276 1

0.5659 6749.3268 1
0.7391 6749.3268 1
0.999 6749.3268 1
0.999 6749.3268 1
0.9082 6749.3268 1
0.6947 6749.3268 1
0.6906 6749.3268 1
0.9745 6749.3268 1
0.999 6749.3268 1
0.8593 6749.3268 1
0.9823 6749.3268 1
0.999 6749.3268 1
0.4554 6749.3268 1
0.5832 6749.3268 1
0.6692 6749.3268 1
0.7966 6749.3268 1

0.566 6749.3269 0
0.7392 6749.3269 0
0.999 6749.3269 0
0.999 6749.3269 0
0.9082 6749.3269 0
0.6943 6749.3269 0
0.6907 6749.3269 0
0.9745 6749.3269 0
0.999 6749.3269 0
0.8598 6749.3269 0
0.9824 6749.3269 0
0.999 6749.3269 0
0.4556 6749.3269 0
0.5821 6749.3269 0
0.6696 6749.3269 0
0.8001 6749.3269 0

0.5659 6749.3268 0
0.7391 6749.3268 0
0.999 6749.3268 0
0.999 6749.3268 0
0.9082 6749.3268 0
0.6945 6749.3268 0
0.6905 6749.3268 0
0.9745 6749.3268 0
0.999 6749.3268 0
0.8595 6749.3268 0
0.9823 6749.3268 0
0.999 6749.3268 0
0.4554 6749.3268 0
0.5827 6749.3268 0
0.6689 6749.3268 0
0.7983 6749.3268 0

0.5658 6749.3269 0
0.7391 6749.3269 0
0.999 6749.3269 0
0.999 6749.3269 0
0.9082 6749.3269 0
0.6946 6749.3269 0
0.6904 6749.3269 0
0.9745 6749.3269 0
0.999 6749.3269 0
0.8593 6749.3269 0
0.9823 6749.3269 0
0.999 6749.3269 0
0.4552 6749.3269 0
0.583 6749.3269 0
0.6685 6749.3269 0
0.7966 6749.3269 0

0.566 6749.3269 0
0.7391 6749.3269 0
0.999 6749.3269 0
0.999 6749.3269 0
0.9082 6749.3269 0
0.6945 6749.3269 0
0.6906 6749.3269 0
0.9745 6749.3269 0
0.999 6749.3269 0
0.859 6749.3269 0
0.9823 6749.3269 0
0.999 6749.3269 0
0.4555 6749.3269 0
0.5827 6749.3269 0
0.6692 6749.3269 0
0.7951 6749.3269 0

0.566 6749.3272 0
0.7392 6749.3272 0
0.999 6749.3272 0
0.999 6749.3272 0
0.9082 6749.3272 0
0.6945 6749.3272 0
0.6908 6749.3272 0
0.9746 6749.3272 0
0.999 6749.3272 0
0.8605 6749.3272 0
0.9825 6749.3272 0
0.999 6749.3272 0
0.4555 6749.3272 0
0.5825 6749.3272 0
0.6697 6749.3272 0
0.8051 6749.3272 0

0.566 6749.3271 1
0.7392 6749.3271 1
0.999 6749.3271 1
0.999 6749.3271 1
0.908 6749.3271 1
0.6941 6749.3271 1
0.691 6749.3271 1
0.9746 6749.3271 1
0.999 6749.3271 1
0.8589 6749.3271 1
0.9823 6749.3271 1
0.999 6749.3271 1
0.4554 6749.3271 1
0.5819 6749.3271 1
0.6703 6749.3271 1
0.7941 6749.3271 1

0.5639 6749.5766 1
0.7373 6749.5766 1
0.999 6749.5766 1
0.999 6749.5766 1
0.9129 6749.5766 1
0.7136 6749.5766 1
0.6788 6749.5766 1
0.9721 6749.5766 1
0.999 6749.5766 1
0.8576 6749.5766 1
0.9839 6749.5766 1
0.999 6749.5766 1
0.4566 6749.5766 1
0.6363 6749.5766 1
0.637 6749.5766 1
0.7871 6749.5766 1

0.536 6822.4801 52
0.7214 6822.4801 52
0.999 6822.4801 52
0.3834 6822.4801 52
0.7311 6822.4801 52
0.501 6822.4801 52
0.6283 6822.4801 52
0.9153 6822.4801 52
0.9462 6822.4801 52
0.8664 6822.4801 52
0.9542 6822.4801 52
0.999 6822.4801 52
0.4514 6822.4801 52
0.0041 6822.4801 52
0.7034 6822.4801 52
0.999 6822.4801 52

0.5659 6749.3268 0
0.7391 6749.3268 0
0.999 6749.3268 0
0.999 6749.3268 0
0.9082 6749.3268 0
0.6945 6749.3268 0
0.6906 6749.3268 0
0.9745 6749.3268 0
0.999 6749.3268 0
0.8593 6749.3268 0
0.9823 6749.3268 0
0.999 6749.3268 0
0.4554 6749.3268 0
0.5828 6749.3268 0
0.669 6749.3268 0
0.7967 6749.3268 0

0.5659 6749.3269 0
0.7391 6749.3269 0
0.999 6749.3269 0
0.999 6749.3269 0
0.9082 6749.3269 0
0.6947 6749.3269 0
0.6905 6749.3269 0
0.9745 6749.3269 0
0.999 6749.3269 0
0.8593 6749.3269 0
0.9824 6749.3269 0
0.999 6749.3269 0
0.4553 6749.3269 0
0.5833 6749.3269 0
0.6689 6749.3269 0
0.7965 6749.3269 0

0.5659 6749.3268 0
0.7391 6749.3268 0
0.999 6749.3268 0
0.999 6749.3268 0
0.9083 6749.3268 0
0.6947 6749.3268 0
0.6906 6749.3268 0
0.9745 6749.3268 0
0.999 6749.3268 0
0.8594 6749.3268 0
0.9824 6749.3268 0
0.999 6749.3268 0
0.4554 6749.3268 0
0.5832 6749.3268 0
0.6691 6749.3268 0
0.7978 6749.3268 0

0.5658 6749.3268 0
0.7391 6749.3268 0
0.999 6749.3268 0
0.999 6749.3268 0
0.9083 6749.3268 0
0.6947 6749.3268 0
0.6905 6749.3268 0
0.9745 6749.3268 0
0.999 6749.3268 0
0.8594 6749.3268 0
0.9823 6749.3268 0
0.999 6749.3268 0
0.4552 6749.3268 0
0.5832 6749.3268 0
0.6689 6749.3268 0
0.7976 6749.3268 0

0.5658 6749.3269 0
0.7391 6749.3269 0
0.999 6749.3269 0
0.999 6749.3269 0
0.9083 6749.3269 0
0.6948 6749.3269 0
0.6903 6749.3269 0
0.9745 6749.3269 0
0.999 6749.3269 0
0.8593 6749.3269 0
0.9823 6749.3269 0
0.999 6749.3269 0
0.4552 6749.3269 0
0.5835 6749.3269 0
0.6682 6749.3269 0
0.797 6749.3269 0

0.5658 6749.3271 0
0.7391 6749.3271 0
0.999 6749.3271 0
0.999 6749.3271 0
0.9082 6749.3271 0
0.6944 6749.3271 0
0.6907 6749.3271 0
0.9745 6749.3271 0
0.999 6749.3271 0
0.8586 6749.3271 0
0.9822 6749.3271 0
0.999 6749.3271 0
0.4551 6749.3271 0
0.5824 6749.3271 0
0.6694 6749.3271 0
0.7921 6749.3271 0

0.5635 6775.3754 1
0.7293 6775.3754 1
0.999 6775.3754 1
0.999 6775.3754 1
0.8949 6775.3754 1
0.698 6775.3754 1
0.6652 6775.3754 1
0.9203 6775.3754 1
0.9874 6775.3754 1
0.2396 6775.3754 1
0.8013 6775.3754 1
0.5763 6775.3754 1
0.4324 6775.3754 1
0.6087 6775.3754 1
0.6892 6775.3754 1
0.0043 6775.3754 1

