0.001 6615.4735 0
0.2246 6615.4735 0
0.5467 6615.4735 0
0.7055 6615.4735 0
0.5711 6615.4735 0
0.3759 6615.4735 0
0.001 6615.4735 0
0.6975 6615.4735 0
0.171 6615.4735 0
0.7886 6615.4735 0
0.8962 6615.4735 0
0.9855 6615.4735 0
0.7141 6615.4735 0
0.999 6615.4735 0
0.6928 6615.4735 0
0.766 6615.4735 0

0.001 6615.4732 0
0.2245 6615.4732 0
0.5469 6615.4732 0
0.7053 6615.4732 0
0.5709 6615.4732 0
0.3758 6615.4732 0
0.001 6615.4732 0
0.6973 6615.4732 0
0.1711 6615.4732 0
0.7871 6615.4732 0
0.8957 6615.4732 0
0.9857 6615.4732 0
0.7076 6615.4732 0
0.999 6615.4732 0
0.6992 6615.4732 0
0.7586 6615.4732 0

0.001 6615.4732 0
0.2245 6615.4732 0
0.5469 6615.4732 0
0.7055 6615.4732 0
0.571 6615.4732 0
0.3758 6615.4732 0
0.001 6615.4732 0
0.6974 6615.4732 0
0.1711 6615.4732 0
0.7871 6615.4732 0
0.8956 6615.4732 0
0.9855 6615.4732 0
0.7093 6615.4732 0
0.999 6615.4732 0
0.6975 6615.4732 0
0.7597 6615.4732 0

0.001 6615.4732 0
0.2245 6615.4732 0
0.547 6615.4732 0
0.7055 6615.4732 0
0.571 6615.4732 0
0.3759 6615.4732 0
0.001 6615.4732 0
0.6974 6615.4732 0
0.1711 6615.4732 0
0.7863 6615.4732 0
0.8953 6615.4732 0
0.9854 6615.4732 0
0.7075 6615.4732 0
0.999 6615.4732 0
0.6993 6615.4732 0
0.7566 6615.4732 0

0.4372 6623.7154 0
0.5876 6623.7154 0
0.7777 6623.7154 0
0.999 6623.7154 0
0.9103 6623.7154 0
0.6592 6623.7154 0
0.001 6623.7154 0
0.7518 6623.7154 0
0.2355 6623.7154 0
0.001 6623.7154 0
0.1453 6623.7154 0
0.2262 6623.7154 0
0.863 6623.7154 0
0.8439 6623.7154 0
0.6877 6623.7154 0
0.7358 6623.7154 0

0.3693 6616.1085 0
0.5158 6616.1085 0
0.7238 6616.1085 0
0.4907 6616.1085 0
0.28 6616.1085 0
0.001 6616.1085 0
0.001 6616.1085 0
0.6922 6616.1085 0
0.1734 6616.1085 0
0.8146 6616.1085 0
0.9117 6616.1085 0
0.999 6616.1085 0
0.907 6616.1085 0
0.8761 6616.1085 0
0.6236 6616.1085 0
0.7466 6616.1085 0

0.001 6615.4732 0
0.2245 6615.4732 0
0.5468 6615.4732 0
0.7057 6615.4732 0
0.5712 6615.4732 0
0.376 6615.4732 0
0.001 6615.4732 0
0.6974 6615.4732 0
0.1709 6615.4732 0
0.7876 6615.4732 0
0.8957 6615.4732 0
0.9854 6615.4732 0
0.7098 6615.4732 0
0.999 6615.4732 0
0.697 6615.4732 0
0.7623 6615.4732 0

0.001 6615.4732 0
0.2245 6615.4732 0
0.5469 6615.4732 0
0.7052 6615.4732 0
0.5708 6615.4732 0
0.3757 6615.4732 0
0.001 6615.4732 0
0.6971 6615.4732 0
0.171 6615.4732 0
0.7878 6615.4732 0
0.8961 6615.4732 0
0.9859 6615.4732 0
0.7064 6615.4732 0
0.999 6615.4732 0
0.7004 6615.4732 0
0.7605 6615.4732 0

0.4371 6623.7154 0
0.5875 6623.7154 0
0.7777 6623.7154 0
0.999 6623.7154 0
0.9101 6623.7154 0
0.6586 6623.7154 0
0.001 6623.7154 0
0.7519 6623.7154 0
0.2356 6623.7154 0
0.001 6623.7154 0
0.1454 6623.7154 0
0.2264 6623.7154 0
0.8616 6623.7154 0
0.8418 6623.7154 0
0.6879 6623.7154 0
0.7367 6623.7154 0

0.001 6615.4732 0
0.2244 6615.4732 0
0.5466 6615.4732 0
0.705 6615.4732 0
0.5706 6615.4732 0
0.3756 6615.4732 0
0.001 6615.4732 0
0.697 6615.4732 0
0.1711 6615.4732 0
0.7898 6615.4732 0
0.8971 6615.4732 0
0.9864 6615.4732 0
0.7064 6615.4732 0
0.999 6615.4732 0
0.7003 6615.4732 0
0.7674 6615.4732 0

0.001 6615.4734 0
0.2245 6615.4734 0
0.5467 6615.4734 0
0.705 6615.4734 0
0.5706 6615.4734 0
0.3756 6615.4734 0
0.001 6615.4734 0
0.6969 6615.4734 0
0.1708 6615.4734 0
0.7865 6615.4734 0
0.8958 6615.4734 0
0.9862 6615.4734 0
0.7076 6615.4734 0
0.999 6615.4734 0
0.6995 6615.4734 0
0.7533 6615.4734 0

0.001 6615.4733 0
0.2247 6615.4733 0
0.547 6615.4733 0
0.7056 6615.4733 0
0.5712 6615.4733 0
0.3759 6615.4733 0
0.001 6615.4733 0
0.6976 6615.4733 0
0.1711 6615.4733 0
0.7866 6615.4733 0
0.8952 6615.4733 0
0.9852 6615.4733 0
0.7115 6615.4733 0
0.999 6615.4733 0
0.6954 6615.4733 0
0.7587 6615.4733 0

0.001 6615.4734 0
0.2243 6615.4734 0
0.5466 6615.4734 0
0.705 6615.4734 0
0.5706 6615.4734 0
0.3757 6615.4734 0
0.001 6615.4734 0
0.6969 6615.4734 0
0.1708 6615.4734 0
0.7864 6615.4734 0
0.8958 6615.4734 0
0.9863 6615.4734 0
0.7091 6615.4734 0
0.999 6615.4734 0
0.6982 6615.4734 0
0.7527 6615.4734 0

0.001 6615.4732 0
0.2245 6615.4732 0
0.5467 6615.4732 0
0.7051 6615.4732 0
0.5706 6615.4732 0
0.3757 6615.4732 0
0.001 6615.4732 0
0.6971 6615.4732 0
0.171 6615.4732 0
0.7874 6615.4732 0
0.896 6615.4732 0
0.986 6615.4732 0
0.709 6615.4732 0
0.999 6615.4732 0
0.698 6615.4732 0
0.7583 6615.4732 0

0.001 6615.4732 0
0.2245 6615.4732 0
0.547 6615.4732 0
0.7054 6615.4732 0
0.571 6615.4732 0
0.3758 6615.4732 0
0.001 6615.4732 0
0.6973 6615.4732 0
0.1711 6615.4732 0
0.7875 6615.4732 0
0.8958 6615.4732 0
0.9856 6615.4732 0
0.7066 6615.4732 0
0.999 6615.4732 0
0.7002 6615.4732 0
0.7612 6615.4732 0

0.001 6615.4733 0
0.2244 6615.4733 0
0.5466 6615.4733 0
0.7049 6615.4733 0
0.5705 6615.4733 0
0.3756 6615.4733 0
0.001 6615.4733 0
0.6968 6615.4733 0
0.1709 6615.4733 0
0.7873 6615.4733 0
0.8962 6615.4733 0
0.9864 6615.4733 0
0.707 6615.4733 0
0.999 6615.4733 0
0.7 6615.4733 0
0.7561 6615.4733 0

0.001 6615.4731 0
0.2245 6615.4731 0
0.5469 6615.4731 0
0.7053 6615.4731 0
0.5709 6615.4731 0
0.3757 6615.4731 0
0.001 6615.4731 0
0.6972 6615.4731 0
0.1711 6615.4731 0
0.7876 6615.4731 0
0.896 6615.4731 0
0.9858 6615.4731 0
0.7073 6615.4731 0
0.999 6615.4731 0
0.6995 6615.4731 0
0.7607 6615.4731 0

0.001 6615.4733 0
0.2247 6615.4733 0
0.5473 6615.4733 0
0.7061 6615.4733 0
0.5716 6615.4733 0
0.3761 6615.4733 0
0.001 6615.4733 0
0.6979 6615.4733 0
0.1713 6615.4733 0
0.7855 6615.4733 0
0.8944 6615.4733 0
0.9845 6615.4733 0
0.7089 6615.4733 0
0.999 6615.4733 0
0.6977 6615.4733 0
0.7582 6615.4733 0

0.001 6615.4735 0
0.2243 6615.4735 0
0.5464 6615.4735 0
0.7049 6615.4735 0
0.5706 6615.4735 0
0.3755 6615.4735 0
0.001 6615.4735 0
0.6968 6615.4735 0
0.171 6615.4735 0
0.7919 6615.4735 0
0.898 6615.4735 0
0.9866 6615.4735 0
0.7087 6615.4735 0
0.999 6615.4735 0
0.698 6615.4735 0
0.7752 6615.4735 0

0.001 6615.4734 0
0.2241 6615.4734 0
0.546 6615.4734 0
0.7043 6615.4734 0
0.57 6615.4734 0
0.3753 6615.4734 0
0.001 6615.4734 0
0.6963 6615.4734 0
0.1707 6615.4734 0
0.7923 6615.4734 0
0.8988 6615.4734 0
0.9876 6615.4734 0
0.71 6615.4734 0
0.999 6615.4734 0
0.6972 6615.4734 0
0.772 6615.4734 0

