0.2833 7609.6187 0
0.4311 7609.6187 0
0.6226 7609.6187 0
0.0568 7609.6187 0
0.001 7609.6187 0
0.1091 7609.6187 0
0.2783 7609.6187 0
0.0778 7609.6187 0
0.1588 7609.6187 0
0.5487 7609.6187 0
0.2292 7609.6187 0
0.6036 7609.6187 0
0.4607 7609.6187 0
0.999 7609.6187 0
0.999 7609.6187 0
0.999 7609.6187 0

0.2835 7609.6187 0
0.4312 7609.6187 0
0.6227 7609.6187 0
0.0568 7609.6187 0
0.001 7609.6187 0
0.1092 7609.6187 0
0.278 7609.6187 0
0.0773 7609.6187 0
0.1584 7609.6187 0
0.549 7609.6187 0
0.2296 7609.6187 0
0.6039 7609.6187 0
0.4609 7609.6187 0
0.999 7609.6187 0
0.999 7609.6187 0
0.999 7609.6187 0

0.2831 7609.6187 0
0.431 7609.6187 0
0.6225 7609.6187 0
0.0568 7609.6187 0
0.001 7609.6187 0
0.1091 7609.6187 0
0.2785 7609.6187 0
0.0779 7609.6187 0
0.159 7609.6187 0
0.5487 7609.6187 0
0.2291 7609.6187 0
0.6037 7609.6187 0
0.4609 7609.6187 0
0.999 7609.6187 0
0.999 7609.6187 0
0.999 7609.6187 0

0.001 7618.4905 0
0.0841 7618.4905 0
0.1974 7618.4905 0
0.4486 7618.4905 0
0.3489 7618.4905 0
0.5074 7618.4905 0
0.2296 7618.4905 0
0.001 7618.4905 0
0.107 7618.4905 0
0.6201 7618.4905 0
0.2853 7618.4905 0
0.6707 7618.4905 0
0.999 7618.4905 0
0.5388 7618.4905 0
0.999 7618.4905 0
0.999 7618.4905 0

0.001 7618.4905 0
0.0841 7618.4905 0
0.1974 7618.4905 0
0.4487 7618.4905 0
0.3489 7618.4905 0
0.5074 7618.4905 0
0.2297 7618.4905 0
0.001 7618.4905 0
0.107 7618.4905 0
0.62 7618.4905 0
0.2852 7618.4905 0
0.6706 7618.4905 0
0.999 7618.4905 0
0.5388 7618.4905 0
0.999 7618.4905 0
0.999 7618.4905 0

0.2838 7609.6187 0
0.4314 7609.6187 0
0.6227 7609.6187 0
0.0568 7609.6187 0
0.001 7609.6187 0
0.1091 7609.6187 0
0.2775 7609.6187 0
0.0769 7609.6187 0
0.158 7609.6187 0
0.5493 7609.6187 0
0.23 7609.6187 0
0.6043 7609.6187 0
0.4611 7609.6187 0
0.999 7609.6187 0
0.999 7609.6187 0
0.999 7609.6187 0

0.2841 7609.6189 0
0.4318 7609.6189 0
0.623 7609.6189 0
0.0568 7609.6189 0
0.001 7609.6189 0
0.1091 7609.6189 0
0.2768 7609.6189 0
0.0761 7609.6189 0
0.1572 7609.6189 0
0.5497 7609.6189 0
0.2306 7609.6189 0
0.6046 7609.6189 0
0.4609 7609.6189 0
0.999 7609.6189 0
0.999 7609.6189 0
0.999 7609.6189 0

0.2838 7609.6187 0
0.4315 7609.6187 0
0.6228 7609.6187 0
0.0568 7609.6187 0
0.001 7609.6187 0
0.1091 7609.6187 0
0.2773 7609.6187 0
0.0767 7609.6187 0
0.1578 7609.6187 0
0.5494 7609.6187 0
0.2301 7609.6187 0
0.6043 7609.6187 0
0.461 7609.6187 0
0.999 7609.6187 0
0.999 7609.6187 0
0.999 7609.6187 0

0.001 7618.4905 0
0.0842 7618.4905 0
0.1974 7618.4905 0
0.4486 7618.4905 0
0.349 7618.4905 0
0.5074 7618.4905 0
0.2296 7618.4905 0
0.001 7618.4905 0
0.107 7618.4905 0
0.62 7618.4905 0
0.2851 7618.4905 0
0.6706 7618.4905 0
0.999 7618.4905 0
0.5388 7618.4905 0
0.999 7618.4905 0
0.999 7618.4905 0

0.2832 7609.6187 0
0.431 7609.6187 0
0.6224 7609.6187 0
0.0568 7609.6187 0
0.001 7609.6187 0
0.1091 7609.6187 0
0.2785 7609.6187 0
0.0779 7609.6187 0
0.159 7609.6187 0
0.5488 7609.6187 0
0.2292 7609.6187 0
0.6038 7609.6187 0
0.4612 7609.6187 0
0.999 7609.6187 0
0.999 7609.6187 0
0.999 7609.6187 0

0.001 7618.4905 0
0.084 7618.4905 0
0.1973 7618.4905 0
0.4487 7618.4905 0
0.349 7618.4905 0
0.5074 7618.4905 0
0.2296 7618.4905 0
0.001 7618.4905 0
0.107 7618.4905 0
0.6201 7618.4905 0
0.2852 7618.4905 0
0.6707 7618.4905 0
0.999 7618.4905 0
0.5389 7618.4905 0
0.999 7618.4905 0
0.999 7618.4905 0

0.2834 7609.6187 0
0.4312 7609.6187 0
0.6225 7609.6187 0
0.0568 7609.6187 0
0.001 7609.6187 0
0.1091 7609.6187 0
0.2781 7609.6187 0
0.0775 7609.6187 0
0.1586 7609.6187 0
0.549 7609.6187 0
0.2294 7609.6187 0
0.6039 7609.6187 0
0.461 7609.6187 0
0.999 7609.6187 0
0.999 7609.6187 0
0.999 7609.6187 0

0.2833 7609.6187 0
0.4312 7609.6187 0
0.6226 7609.6187 0
0.0568 7609.6187 0
0.001 7609.6187 0
0.1091 7609.6187 0
0.2783 7609.6187 0
0.0776 7609.6187 0
0.1587 7609.6187 0
0.5488 7609.6187 0
0.2293 7609.6187 0
0.6038 7609.6187 0
0.4609 7609.6187 0
0.999 7609.6187 0
0.999 7609.6187 0
0.999 7609.6187 0

0.2834 7609.6187 0
0.4312 7609.6187 0
0.6226 7609.6187 0
0.0568 7609.6187 0
0.001 7609.6187 0
0.1091 7609.6187 0
0.2781 7609.6187 0
0.0775 7609.6187 0
0.1586 7609.6187 0
0.5489 7609.6187 0
0.2294 7609.6187 0
0.6038 7609.6187 0
0.461 7609.6187 0
0.999 7609.6187 0
0.999 7609.6187 0
0.999 7609.6187 0

0.001 7638.3671 0
0.0604 7638.3671 0
0.1791 7638.3671 0
0.0728 7638.3671 0
0.001 7638.3671 0
0.1169 7638.3671 0
0.5766 7638.3671 0
0.3669 7638.3671 0
0.4525 7638.3671 0
0.6791 7638.3671 0
0.3523 7638.3671 0
0.7302 7638.3671 0
0.999 7638.3671 0
0.999 7638.3671 0
0.601 7638.3671 0
0.999 7638.3671 0

0.001 7618.4905 0
0.0841 7618.4905 0
0.1974 7618.4905 0
0.4487 7618.4905 0
0.349 7618.4905 0
0.5074 7618.4905 0
0.2296 7618.4905 0
0.001 7618.4905 0
0.107 7618.4905 0
0.6201 7618.4905 0
0.2852 7618.4905 0
0.6707 7618.4905 0
0.999 7618.4905 0
0.5389 7618.4905 0
0.999 7618.4905 0
0.999 7618.4905 0

0.2834 7609.6187 0
0.4312 7609.6187 0
0.6229 7609.6187 0
0.0568 7609.6187 0
0.001 7609.6187 0
0.1091 7609.6187 0
0.278 7609.6187 0
0.0774 7609.6187 0
0.1584 7609.6187 0
0.5489 7609.6187 0
0.2295 7609.6187 0
0.6038 7609.6187 0
0.4607 7609.6187 0
0.999 7609.6187 0
0.999 7609.6187 0
0.999 7609.6187 0

0.2835 7609.6187 0
0.4313 7609.6187 0
0.6228 7609.6187 0
0.0568 7609.6187 0
0.001 7609.6187 0
0.1092 7609.6187 0
0.2779 7609.6187 0
0.0773 7609.6187 0
0.1583 7609.6187 0
0.5491 7609.6187 0
0.2297 7609.6187 0
0.604 7609.6187 0
0.461 7609.6187 0
0.999 7609.6187 0
0.999 7609.6187 0
0.999 7609.6187 0

0.2834 7609.6186 0
0.4312 7609.6186 0
0.6226 7609.6186 0
0.0568 7609.6186 0
0.001 7609.6186 0
0.1091 7609.6186 0
0.2781 7609.6186 0
0.0775 7609.6186 0
0.1586 7609.6186 0
0.549 7609.6186 0
0.2295 7609.6186 0
0.6039 7609.6186 0
0.461 7609.6186 0
0.999 7609.6186 0
0.999 7609.6186 0
0.999 7609.6186 0

0.001 7618.4905 0
0.084 7618.4905 0
0.1973 7618.4905 0
0.4487 7618.4905 0
0.349 7618.4905 0
0.5074 7618.4905 0
0.2296 7618.4905 0
0.001 7618.4905 0
0.107 7618.4905 0
0.62 7618.4905 0
0.2852 7618.4905 0
0.6706 7618.4905 0
0.999 7618.4905 0
0.5387 7618.4905 0
0.999 7618.4905 0
0.999 7618.4905 0

