0.001 6614.1439 0
0.2344 6614.1439 0
0.501 6614.1439 0
0.5006 6614.1439 0
0.3278 6614.1439 0
0.0453 6614.1439 0
0.0695 6614.1439 0
0.677 6614.1439 0
0.2326 6614.1439 0
0.1067 6614.1439 0
0.2411 6614.1439 0
0.33 6614.1439 0
0.6475 6614.1439 0
0.8812 6614.1439 0
0.995 6614.1439 0
0.8918 6614.1439 0

0.001 6614.1439 0
0.2346 6614.1439 0
0.5011 6614.1439 0
0.584 6614.1439 0
0.4401 6614.1439 0
0.2048 6614.1439 0
0.001 6614.1439 0
0.6531 6614.1439 0
0.1759 6614.1439 0
0.001 6614.1439 0
0.1513 6614.1439 0
0.2507 6614.1439 0
0.9612 6614.1439 0
0.9384 6614.1439 0
0.768 6614.1439 0
0.7308 6614.1439 0

0.1034 6614.1439 0
0.3129 6614.1439 0
0.5522 6614.1439 0
0.4773 6614.1439 0
0.2965 6614.1439 0
0.001 6614.1439 0
0.0054 6614.1439 0
0.6548 6614.1439 0
0.1797 6614.1439 0
0.1101 6614.1439 0
0.244 6614.1439 0
0.3325 6614.1439 0
0.9536 6614.1439 0
0.8443 6614.1439 0
0.9669 6614.1439 0
0.6503 6614.1439 0

0.001 6614.1439 0
0.2345 6614.1439 0
0.5011 6614.1439 0
0.4822 6614.1439 0
0.3032 6614.1439 0
0.0104 6614.1439 0
0.1972 6614.1439 0
0.7214 6614.1439 0
0.338 6614.1439 0
0.001 6614.1439 0
0.1513 6614.1439 0
0.2507 6614.1439 0
0.81 6614.1439 0
0.88 6614.1439 0
0.8543 6614.1439 0
0.8313 6614.1439 0

0.001 6614.1439 0
0.2345 6614.1439 0
0.5011 6614.1439 0
0.5059 6614.1439 0
0.3351 6614.1439 0
0.0557 6614.1439 0
0.0665 6614.1439 0
0.676 6614.1439 0
0.2301 6614.1439 0
0.0997 6614.1439 0
0.2351 6614.1439 0
0.3247 6614.1439 0
0.7809 6614.1439 0
0.7115 6614.1439 0
0.9147 6614.1439 0
0.9962 6614.1439 0

0.0809 6614.1439 0
0.2957 6614.1439 0
0.541 6614.1439 0
0.4773 6614.1439 0
0.2965 6614.1439 0
0.001 6614.1439 0
0.0632 6614.1439 0
0.6748 6614.1439 0
0.2274 6614.1439 0
0.0783 6614.1439 0
0.217 6614.1439 0
0.3087 6614.1439 0
0.784 6614.1439 0
0.762 6614.1439 0
0.947 6614.1439 0
0.8949 6614.1439 0

0.0405 6614.1439 0
0.2648 6614.1439 0
0.5208 6614.1439 0
0.5002 6614.1439 0
0.3274 6614.1439 0
0.0448 6614.1439 0
0.001 6614.1439 0
0.6533 6614.1439 0
0.1761 6614.1439 0
0.1341 6614.1439 0
0.2644 6614.1439 0
0.3506 6614.1439 0
0.711 6614.1439 0
0.799 6614.1439 0
0.9465 6614.1439 0
0.9415 6614.1439 0

0.1108 6614.1439 0
0.3186 6614.1439 0
0.5559 6614.1439 0
0.4909 6614.1439 0
0.3149 6614.1439 0
0.0271 6614.1439 0
0.0503 6614.1439 0
0.6703 6614.1439 0
0.2167 6614.1439 0
0.0351 6614.1439 0
0.1803 6614.1439 0
0.2763 6614.1439 0
0.8913 6614.1439 0
0.7818 6614.1439 0
0.8003 6614.1439 0
0.9078 6614.1439 0

0.1364 6614.1439 0
0.3383 6614.1439 0
0.5687 6614.1439 0
0.4869 6614.1439 0
0.3095 6614.1439 0
0.0194 6614.1439 0
0.0145 6614.1439 0
0.6579 6614.1439 0
0.1872 6614.1439 0
0.05 6614.1439 0
0.193 6614.1439 0
0.2874 6614.1439 0
0.8899 6614.1439 0
0.7074 6614.1439 0
0.8242 6614.1439 0
0.9758 6614.1439 0

0.0804 6614.1439 0
0.2953 6614.1439 0
0.5407 6614.1439 0
0.5179 6614.1439 0
0.3512 6614.1439 0
0.0786 6614.1439 0
0.001 6614.1439 0
0.6533 6614.1439 0
0.176 6614.1439 0
0.0634 6614.1439 0
0.2044 6614.1439 0
0.2975 6614.1439 0
0.8585 6614.1439 0
0.999 6614.1439 0
0.7175 6614.1439 0
0.8226 6614.1439 0

0.0538 6614.1439 0
0.2749 6614.1439 0
0.5274 6614.1439 0
0.5068 6614.1439 0
0.3362 6614.1439 0
0.0574 6614.1439 0
0.0133 6614.1439 0
0.6575 6614.1439 0
0.1863 6614.1439 0
0.0991 6614.1439 0
0.2347 6614.1439 0
0.3243 6614.1439 0
0.7876 6614.1439 0
0.7792 6614.1439 0
0.8257 6614.1439 0
0.999 6614.1439 0

0.0815 6614.1439 0
0.2961 6614.1439 0
0.5412 6614.1439 0
0.4982 6614.1439 0
0.3246 6614.1439 0
0.0409 6614.1439 0
0.0069 6614.1439 0
0.6553 6614.1439 0
0.181 6614.1439 0
0.0938 6614.1439 0
0.2302 6614.1439 0
0.3203 6614.1439 0
0.8253 6614.1439 0
0.9569 6614.1439 0
0.7775 6614.1439 0
0.8246 6614.1439 0

0.001 6614.1439 0
0.2345 6614.1439 0
0.5011 6614.1439 0
0.5239 6614.1439 0
0.3593 6614.1439 0
0.0901 6614.1439 0
0.0173 6614.1439 0
0.6589 6614.1439 0
0.1896 6614.1439 0
0.1124 6614.1439 0
0.246 6614.1439 0
0.3343 6614.1439 0
0.8288 6614.1439 0
0.9532 6614.1439 0
0.7534 6614.1439 0
0.8504 6614.1439 0

0.001 6614.1439 0
0.2345 6614.1439 0
0.5011 6614.1439 0
0.4863 6614.1439 0
0.3086 6614.1439 0
0.0181 6614.1439 0
0.001 6614.1439 0
0.6532 6614.1439 0
0.176 6614.1439 0
0.191 6614.1439 0
0.3127 6614.1439 0
0.3932 6614.1439 0
0.9367 6614.1439 0
0.7693 6614.1439 0
0.7794 6614.1439 0
0.9014 6614.1439 0

0.0043 6614.1439 0
0.237 6614.1439 0
0.5027 6614.1439 0
0.4942 6614.1439 0
0.3192 6614.1439 0
0.0332 6614.1439 0
0.1756 6614.1439 0
0.7139 6614.1439 0
0.3201 6614.1439 0
0.001 6614.1439 0
0.1513 6614.1439 0
0.2507 6614.1439 0
0.7789 6614.1439 0
0.8101 6614.1439 0
0.8423 6614.1439 0
0.9526 6614.1439 0

0.0687 6614.1439 0
0.2863 6614.1439 0
0.5349 6614.1439 0
0.4773 6614.1439 0
0.2966 6614.1439 0
0.001 6614.1439 0
0.0035 6614.1439 0
0.6541 6614.1439 0
0.1781 6614.1439 0
0.1449 6614.1439 0
0.2736 6614.1439 0
0.3587 6614.1439 0
0.9324 6614.1439 0
0.6993 6614.1439 0
0.8966 6614.1439 0
0.8658 6614.1439 0

0.1194 6614.1439 0
0.3252 6614.1439 0
0.5602 6614.1439 0
0.4773 6614.1439 0
0.2965 6614.1439 0
0.001 6614.1439 0
0.0031 6614.1439 0
0.654 6614.1439 0
0.1779 6614.1439 0
0.096 6614.1439 0
0.232 6614.1439 0
0.3219 6614.1439 0
0.8846 6614.1439 0
0.8516 6614.1439 0
0.7562 6614.1439 0
0.8887 6614.1439 0

0.1104 6614.1439 0
0.3183 6614.1439 0
0.5557 6614.1439 0
0.4773 6614.1439 0
0.2965 6614.1439 0
0.001 6614.1439 0
0.0436 6614.1439 0
0.668 6614.1439 0
0.2112 6614.1439 0
0.0673 6614.1439 0
0.2076 6614.1439 0
0.3004 6614.1439 0
0.8648 6614.1439 0
0.9095 6614.1439 0
0.647 6614.1439 0
0.9948 6614.1439 0

0.0836 6614.1439 0
0.2978 6614.1439 0
0.5423 6614.1439 0
0.4773 6614.1439 0
0.2965 6614.1439 0
0.001 6614.1439 0
0.0753 6614.1439 0
0.679 6614.1439 0
0.2374 6614.1439 0
0.0635 6614.1439 0
0.2044 6614.1439 0
0.2976 6614.1439 0
0.9455 6614.1439 0
0.9565 6614.1439 0
0.6952 6614.1439 0
0.8053 6614.1439 0

0.1121 6614.1439 0
0.3196 6614.1439 0
0.5566 6614.1439 0
0.5095 6614.1439 0
0.3399 6614.1439 0
0.0626 6614.1439 0
0.0465 6614.1439 0
0.669 6614.1439 0
0.2136 6614.1439 0
0.001 6614.1439 0
0.1513 6614.1439 0
0.2507 6614.1439 0
0.9043 6614.1439 0
0.9131 6614.1439 0
0.9075 6614.1439 0
0.6755 6614.1439 0

