0.001 6717.3012 0
0.1839 6717.3012 0
0.5177 6717.3012 0
0.4673 6717.3012 0
0.2113 6717.3012 0
0.001 6717.3012 0
0.001 6717.3012 0
0.3466 6717.3012 0
0.4641 6717.3012 0
0.001 6717.3012 0
0.2081 6717.3012 0
0.3141 6717.3012 0
0.9079 6717.3012 0
0.8327 6717.3012 0
0.9856 6717.3012 0
0.8548 6717.3012 0

0.001 6717.3012 0
0.1839 6717.3012 0
0.5177 6717.3012 0
0.4673 6717.3012 0
0.2113 6717.3012 0
0.001 6717.3012 0
0.001 6717.3012 0
0.3466 6717.3012 0
0.4641 6717.3012 0
0.001 6717.3012 0
0.208 6717.3012 0
0.3141 6717.3012 0
0.6732 6717.3012 0
0.9927 6717.3012 0
0.9611 6717.3012 0
0.9917 6717.3012 0

0.001 6717.3013 0
0.1839 6717.3013 0
0.5177 6717.3013 0
0.4673 6717.3013 0
0.2113 6717.3013 0
0.001 6717.3013 0
0.001 6717.3013 0
0.3465 6717.3013 0
0.4641 6717.3013 0
0.001 6717.3013 0
0.2081 6717.3013 0
0.3141 6717.3013 0
0.9016 6717.3013 0
0.8992 6717.3013 0
0.8509 6717.3013 0
0.9232 6717.3013 0

0.001 6717.3012 0
0.1839 6717.3012 0
0.5177 6717.3012 0
0.4673 6717.3012 0
0.2113 6717.3012 0
0.001 6717.3012 0
0.001 6717.3012 0
0.3466 6717.3012 0
0.4641 6717.3012 0
0.001 6717.3012 0
0.2081 6717.3012 0
0.3141 6717.3012 0
0.9521 6717.3012 0
0.9528 6717.3012 0
0.8679 6717.3012 0
0.8089 6717.3012 0

0.001 6717.3012 0
0.1839 6717.3012 0
0.5177 6717.3012 0
0.4673 6717.3012 0
0.2113 6717.3012 0
0.001 6717.3012 0
0.001 6717.3012 0
0.3466 6717.3012 0
0.4641 6717.3012 0
0.001 6717.3012 0
0.2081 6717.3012 0
0.3141 6717.3012 0
0.7788 6717.3012 0
0.9664 6717.3012 0
0.9104 6717.3012 0
0.9295 6717.3012 0

0.001 6717.3012 0
0.1839 6717.3012 0
0.5177 6717.3012 0
0.4673 6717.3012 0
0.2113 6717.3012 0
0.001 6717.3012 0
0.001 6717.3012 0
0.3466 6717.3012 0
0.4641 6717.3012 0
0.001 6717.3012 0
0.2081 6717.3012 0
0.3141 6717.3012 0
0.9117 6717.3012 0
0.8498 6717.3012 0
0.9033 6717.3012 0
0.91 6717.3012 0

0.001 6717.3012 0
0.1839 6717.3012 0
0.5177 6717.3012 0
0.4673 6717.3012 0
0.2113 6717.3012 0
0.001 6717.3012 0
0.001 6717.3012 0
0.3466 6717.3012 0
0.4641 6717.3012 0
0.001 6717.3012 0
0.2081 6717.3012 0
0.3141 6717.3012 0
0.8833 6717.3012 0
0.9124 6717.3012 0
0.9563 6717.3012 0
0.8265 6717.3012 0

0.001 6717.3012 0
0.1839 6717.3012 0
0.5177 6717.3012 0
0.4673 6717.3012 0
0.2113 6717.3012 0
0.001 6717.3012 0
0.001 6717.3012 0
0.3466 6717.3012 0
0.4641 6717.3012 0
0.001 6717.3012 0
0.2081 6717.3012 0
0.3141 6717.3012 0
0.769 6717.3012 0
0.9191 6717.3012 0
0.9771 6717.3012 0
0.9222 6717.3012 0

0.001 6717.3012 0
0.1839 6717.3012 0
0.5177 6717.3012 0
0.4673 6717.3012 0
0.2113 6717.3012 0
0.001 6717.3012 0
0.001 6717.3012 0
0.3466 6717.3012 0
0.4641 6717.3012 0
0.001 6717.3012 0
0.2081 6717.3012 0
0.3141 6717.3012 0
0.886 6717.3012 0
0.928 6717.3012 0
0.8414 6717.3012 0
0.9206 6717.3012 0

0.001 6717.3012 0
0.1839 6717.3012 0
0.5177 6717.3012 0
0.4673 6717.3012 0
0.2113 6717.3012 0
0.001 6717.3012 0
0.001 6717.3012 0
0.3466 6717.3012 0
0.4641 6717.3012 0
0.001 6717.3012 0
0.2081 6717.3012 0
0.3141 6717.3012 0
0.9859 6717.3012 0
0.7715 6717.3012 0
0.8415 6717.3012 0
0.995 6717.3012 0

0.001 6717.3012 0
0.1839 6717.3012 0
0.5177 6717.3012 0
0.4673 6717.3012 0
0.2113 6717.3012 0
0.001 6717.3012 0
0.001 6717.3012 0
0.3466 6717.3012 0
0.4641 6717.3012 0
0.001 6717.3012 0
0.2081 6717.3012 0
0.3141 6717.3012 0
0.9157 6717.3012 0
0.9725 6717.3012 0
0.9183 6717.3012 0
0.7788 6717.3012 0

0.001 6717.3012 0
0.1839 6717.3012 0
0.5177 6717.3012 0
0.4673 6717.3012 0
0.2113 6717.3012 0
0.001 6717.3012 0
0.001 6717.3012 0
0.3466 6717.3012 0
0.4641 6717.3012 0
0.001 6717.3012 0
0.2081 6717.3012 0
0.3141 6717.3012 0
0.9846 6717.3012 0
0.9486 6717.3012 0
0.7013 6717.3012 0
0.9723 6717.3012 0

0.001 6717.3012 0
0.1839 6717.3012 0
0.5177 6717.3012 0
0.4673 6717.3012 0
0.2113 6717.3012 0
0.001 6717.3012 0
0.001 6717.3012 0
0.3466 6717.3012 0
0.4641 6717.3012 0
0.001 6717.3012 0
0.2081 6717.3012 0
0.3141 6717.3012 0
0.9882 6717.3012 0
0.999 6717.3012 0
0.7277 6717.3012 0
0.8866 6717.3012 0

0.001 6717.3012 0
0.1839 6717.3012 0
0.5177 6717.3012 0
0.4673 6717.3012 0
0.2113 6717.3012 0
0.001 6717.3012 0
0.001 6717.3012 0
0.3466 6717.3012 0
0.4641 6717.3012 0
0.001 6717.3012 0
0.2081 6717.3012 0
0.3141 6717.3012 0
0.9183 6717.3012 0
0.968 6717.3012 0
0.8561 6717.3012 0
0.8368 6717.3012 0

0.001 6717.3013 0
0.1839 6717.3013 0
0.5177 6717.3013 0
0.4673 6717.3013 0
0.2113 6717.3013 0
0.001 6717.3013 0
0.001 6717.3013 0
0.3466 6717.3013 0
0.4641 6717.3013 0
0.001 6717.3013 0
0.208 6717.3013 0
0.3141 6717.3013 0
0.9832 6717.3013 0
0.91 6717.3013 0
0.841 6717.3013 0
0.8464 6717.3013 0

0.001 6717.3013 0
0.1839 6717.3013 0
0.5177 6717.3013 0
0.4673 6717.3013 0
0.2113 6717.3013 0
0.001 6717.3013 0
0.001 6717.3013 0
0.3466 6717.3013 0
0.4641 6717.3013 0
0.001 6717.3013 0
0.208 6717.3013 0
0.3141 6717.3013 0
0.8033 6717.3013 0
0.923 6717.3013 0
0.8599 6717.3013 0
0.999 6717.3013 0

0.001 6717.3012 0
0.1839 6717.3012 0
0.5177 6717.3012 0
0.4673 6717.3012 0
0.2113 6717.3012 0
0.001 6717.3012 0
0.001 6717.3012 0
0.3466 6717.3012 0
0.4641 6717.3012 0
0.001 6717.3012 0
0.2081 6717.3012 0
0.3141 6717.3012 0
0.8031 6717.3012 0
0.8936 6717.3012 0
0.9507 6717.3012 0
0.9335 6717.3012 0

0.001 6717.3012 0
0.1839 6717.3012 0
0.5177 6717.3012 0
0.4673 6717.3012 0
0.2113 6717.3012 0
0.001 6717.3012 0
0.001 6717.3012 0
0.3466 6717.3012 0
0.4641 6717.3012 0
0.001 6717.3012 0
0.2081 6717.3012 0
0.3141 6717.3012 0
0.9383 6717.3012 0
0.7975 6717.3012 0
0.8986 6717.3012 0
0.9471 6717.3012 0

0.001 6717.3012 0
0.1839 6717.3012 0
0.5177 6717.3012 0
0.4673 6717.3012 0
0.2113 6717.3012 0
0.001 6717.3012 0
0.001 6717.3012 0
0.3466 6717.3012 0
0.4641 6717.3012 0
0.001 6717.3012 0
0.2081 6717.3012 0
0.3141 6717.3012 0
0.9916 6717.3012 0
0.9948 6717.3012 0
0.6599 6717.3012 0
0.9785 6717.3012 0

0.001 6717.3012 0
0.1839 6717.3012 0
0.5177 6717.3012 0
0.4673 6717.3012 0
0.2113 6717.3012 0
0.001 6717.3012 0
0.001 6717.3012 0
0.3466 6717.3012 0
0.4641 6717.3012 0
0.001 6717.3012 0
0.2081 6717.3012 0
0.3141 6717.3012 0
0.8296 6717.3012 0
0.9887 6717.3012 0
0.9489 6717.3012 0
0.8184 6717.3012 0

