0.7638 6674.1723 1
0.867 6674.1723 1
0.999 6674.1723 1
0.999 6674.1723 1
0.9639 6674.1723 1
0.8253 6674.1723 1
0.6628 6674.1723 1
0.9842 6674.1723 1
0.7318 6674.1723 1
0.9406 6674.1723 1
0.9786 6674.1723 1
0.999 6674.1723 1
0.3942 6674.1723 1
0.6467 6674.1723 1
0.4013 6674.1723 1
0.7474 6674.1723 1

0.7632 6673.6944 1
0.87 6673.6944 1
0.999 6673.6944 1
0.999 6673.6944 1
0.9616 6673.6944 1
0.8201 6673.6944 1
0.6548 6673.6944 1
0.9863 6673.6944 1
0.727 6673.6944 1
0.9525 6673.6944 1
0.9793 6673.6944 1
0.999 6673.6944 1
0.3867 6673.6944 1
0.6491 6673.6944 1
0.3721 6673.6944 1
0.999 6673.6944 1

0.6271 6794.7252 0
0.6941 6794.7252 0
0.8668 6794.7252 0
0.3057 6794.7252 0
0.0185 6794.7252 0
0.4978 6794.7252 0
0.108 6794.7252 0
0.0918 6794.7252 0
0.0214 6794.7252 0
0.9719 6794.7252 0
0.9661 6794.7252 0
0.999 6794.7252 0
0.5008 6794.7252 0
0.001 6794.7252 0
0.001 6794.7252 0
0.999 6794.7252 0

0.7704 6678.9685 1
0.8668 6678.9685 1
0.999 6678.9685 1
0.999 6678.9685 1
0.9511 6678.9685 1
0.8088 6678.9685 1
0.6397 6678.9685 1
0.9543 6678.9685 1
0.7096 6678.9685 1
0.7613 6678.9685 1
0.999 6678.9685 1
0.8024 6678.9685 1
0.3601 6678.9685 1
0.6053 6678.9685 1
0.387 6678.9685 1
0.001 6678.9685 1

0.7642 6673.6944 0
0.8705 6673.6944 0
0.999 6673.6944 0
0.999 6673.6944 0
0.9616 6673.6944 0
0.8201 6673.6944 0
0.6547 6673.6944 0
0.9863 6673.6944 0
0.727 6673.6944 0
0.9524 6673.6944 0
0.9794 6673.6944 0
0.999 6673.6944 0
0.389 6673.6944 0
0.6492 6673.6944 0
0.3722 6673.6944 0
0.999 6673.6944 0

0.764 6673.6944 0
0.8703 6673.6944 0
0.999 6673.6944 0
0.999 6673.6944 0
0.9614 6673.6944 0
0.8196 6673.6944 0
0.6548 6673.6944 0
0.9863 6673.6944 0
0.7271 6673.6944 0
0.9525 6673.6944 0
0.9794 6673.6944 0
0.999 6673.6944 0
0.3887 6673.6944 0
0.6469 6673.6944 0
0.3723 6673.6944 0
0.999 6673.6944 0

0.8281 6795.5402 0
0.9423 6795.5402 0
0.0695 6795.5402 0
0.8651 6795.5402 0
0.7472 6795.5402 0
0.6179 6795.5402 0
0.001 6795.5402 0
0.999 6795.5402 0
0.001 6795.5402 0
0.001 6795.5402 0
0.999 6795.5402 0
0.999 6795.5402 0
0.001 6795.5402 0
0.627 6795.5402 0
0.001 6795.5402 0
0.001 6795.5402 0

0.7709 6678.9853 0
0.8669 6678.9853 0
0.999 6678.9853 0
0.999 6678.9853 0
0.9507 6678.9853 0
0.8086 6678.9853 0
0.6395 6678.9853 0
0.955 6678.9853 0
0.7096 6678.9853 0
0.7353 6678.9853 0
0.8327 6678.9853 0
0.4829 6678.9853 0
0.3614 6678.9853 0
0.6056 6678.9853 0
0.3853 6678.9853 0
0.001 6678.9853 0

0.7676 6673.7764 1
0.8726 6673.7764 1
0.999 6673.7764 1
0.999 6673.7764 1
0.9599 6673.7764 1
0.8142 6673.7764 1
0.6557 6673.7764 1
0.9862 6673.7764 1
0.7277 6673.7764 1
0.9493 6673.7764 1
0.9785 6673.7764 1
0.999 6673.7764 1
0.396 6673.7764 1
0.6248 6673.7764 1
0.3752 6673.7764 1
0.9202 6673.7764 1

0.6785 6750.515 0
0.7529 6750.515 0
0.9025 6750.515 0
0.9918 6750.515 0
0.898 6750.515 0
0.7573 6750.515 0
0.2775 6750.515 0
0.1704 6750.515 0
0.787 6750.515 0
0.323 6750.515 0
0.3211 6750.515 0
0.1388 6750.515 0
0.4608 6750.515 0
0.6468 6750.515 0
0.001 6750.515 0
0.001 6750.515 0

0.3293 6700.0018 0
0.0208 6700.0018 0
0.0969 6700.0018 0
0.999 6700.0018 0
0.942 6700.0018 0
0.7971 6700.0018 0
0.6301 6700.0018 0
0.9389 6700.0018 0
0.682 6700.0018 0
0.9764 6700.0018 0
0.9783 6700.0018 0
0.999 6700.0018 0
0.001 6700.0018 0
0.6426 6700.0018 0
0.4267 6700.0018 0
0.999 6700.0018 0

0.7637 6673.7008 1
0.8705 6673.7008 1
0.999 6673.7008 1
0.999 6673.7008 1
0.961 6673.7008 1
0.8176 6673.7008 1
0.6571 6673.7008 1
0.9863 6673.7008 1
0.7286 6673.7008 1
0.9522 6673.7008 1
0.9791 6673.7008 1
0.999 6673.7008 1
0.3869 6673.7008 1
0.6396 6673.7008 1
0.377 6673.7008 1
0.999 6673.7008 1

0.769 6678.9853 1
0.866 6678.9853 1
0.999 6678.9853 1
0.999 6678.9853 1
0.952 6678.9853 1
0.8116 6678.9853 1
0.6389 6678.9853 1
0.954 6678.9853 1
0.7092 6678.9853 1
0.7287 6678.9853 1
0.999 6678.9853 1
0.7225 6678.9853 1
0.3572 6678.9853 1
0.6161 6678.9853 1
0.3849 6678.9853 1
0.001 6678.9853 1

0.7638 6673.6944 0
0.8703 6673.6944 0
0.999 6673.6944 0
0.999 6673.6944 0
0.9614 6673.6944 0
0.8195 6673.6944 0
0.6549 6673.6944 0
0.9863 6673.6944 0
0.7271 6673.6944 0
0.9525 6673.6944 0
0.9794 6673.6944 0
0.999 6673.6944 0
0.3878 6673.6944 0
0.6463 6673.6944 0
0.3726 6673.6944 0
0.999 6673.6944 0

0.7693 6674.2393 1
0.8754 6674.2393 1
0.999 6674.2393 1
0.999 6674.2393 1
0.9601 6674.2393 1
0.8109 6674.2393 1
0.6649 6674.2393 1
0.9878 6674.2393 1
0.7353 6674.2393 1
0.9389 6674.2393 1
0.9746 6674.2393 1
0.999 6674.2393 1
0.4029 6674.2393 1
0.6114 6674.2393 1
0.3979 6674.2393 1
0.6962 6674.2393 1

0.7653 6679.0016 1
0.8637 6679.0016 1
0.9983 6679.0016 1
0.999 6679.0016 1
0.953 6679.0016 1
0.8149 6679.0016 1
0.6385 6679.0016 1
0.9543 6679.0016 1
0.7083 6679.0016 1
0.7841 6679.0016 1
0.7906 6679.0016 1
0.7747 6679.0016 1
0.3502 6679.0016 1
0.6281 6679.0016 1
0.3849 6679.0016 1
0.001 6679.0016 1

0.7734 6679.0182 1
0.8687 6679.0182 1
0.999 6679.0182 1
0.999 6679.0182 1
0.95 6679.0182 1
0.8061 6679.0182 1
0.6398 6679.0182 1
0.9551 6679.0182 1
0.7097 6679.0182 1
0.7466 6679.0182 1
0.7144 6679.0182 1
0.4984 6679.0182 1
0.3677 6679.0182 1
0.5965 6679.0182 1
0.3858 6679.0182 1
0.001 6679.0182 1

