0.3906 6863.0025 0
0.6817 6863.0025 0
0.999 6863.0025 0
0.9141 6863.0025 0
0.8253 6863.0025 0
0.5332 6863.0025 0
0.5704 6863.0025 0
0.8526 6863.0025 0
0.999 6863.0025 0
0.999 6863.0025 0
0.7317 6863.0025 0
0.999 6863.0025 0
0.3985 6863.0025 0
0.4215 6863.0025 0
0.7703 6863.0025 0
0.8649 6863.0025 0

0.3906 6863.0025 0
0.6817 6863.0025 0
0.999 6863.0025 0
0.9142 6863.0025 0
0.8253 6863.0025 0
0.5333 6863.0025 0
0.5705 6863.0025 0
0.8526 6863.0025 0
0.999 6863.0025 0
0.999 6863.0025 0
0.7318 6863.0025 0
0.999 6863.0025 0
0.3986 6863.0025 0
0.4217 6863.0025 0
0.7706 6863.0025 0
0.865 6863.0025 0

0.3906 6863.0025 0
0.6817 6863.0025 0
0.999 6863.0025 0
0.9141 6863.0025 0
0.8252 6863.0025 0
0.5331 6863.0025 0
0.5705 6863.0025 0
0.8526 6863.0025 0
0.999 6863.0025 0
0.999 6863.0025 0
0.7318 6863.0025 0
0.999 6863.0025 0
0.3986 6863.0025 0
0.4213 6863.0025 0
0.7705 6863.0025 0
0.8649 6863.0025 0

0.3906 6863.0025 0
0.6817 6863.0025 0
0.999 6863.0025 0
0.9141 6863.0025 0
0.8252 6863.0025 0
0.5331 6863.0025 0
0.5706 6863.0025 0
0.8527 6863.0025 0
0.999 6863.0025 0
0.999 6863.0025 0
0.7317 6863.0025 0
0.999 6863.0025 0
0.3985 6863.0025 0
0.4215 6863.0025 0
0.7707 6863.0025 0
0.8651 6863.0025 0

0.3906 6863.0025 0
0.6817 6863.0025 0
0.999 6863.0025 0
0.9141 6863.0025 0
0.8253 6863.0025 0
0.5332 6863.0025 0
0.5705 6863.0025 0
0.8527 6863.0025 0
0.999 6863.0025 0
0.999 6863.0025 0
0.7317 6863.0025 0
0.999 6863.0025 0
0.3985 6863.0025 0
0.4215 6863.0025 0
0.7707 6863.0025 0
0.8649 6863.0025 0

0.1392 7131.3954 0
0.519 7131.3954 0
0.0182 7131.3954 0
0.8044 7131.3954 0
0.7096 7131.3954 0
0.4572 7131.3954 0
0.5443 7131.3954 0
0.8584 7131.3954 0
0.9442 7131.3954 0
0.999 7131.3954 0
0.6517 7131.3954 0
0.9312 7131.3954 0
0.001 7131.3954 0
0.4539 7131.3954 0
0.7746 7131.3954 0
0.8012 7131.3954 0

0.3906 6863.0025 0
0.6817 6863.0025 0
0.999 6863.0025 0
0.9141 6863.0025 0
0.8253 6863.0025 0
0.5331 6863.0025 0
0.5705 6863.0025 0
0.8527 6863.0025 0
0.999 6863.0025 0
0.999 6863.0025 0
0.7317 6863.0025 0
0.999 6863.0025 0
0.3986 6863.0025 0
0.4215 6863.0025 0
0.7707 6863.0025 0
0.8649 6863.0025 0

0.3906 6863.0025 0
0.6817 6863.0025 0
0.999 6863.0025 0
0.9141 6863.0025 0
0.8252 6863.0025 0
0.5331 6863.0025 0
0.5706 6863.0025 0
0.8527 6863.0025 0
0.999 6863.0025 0
0.999 6863.0025 0
0.7318 6863.0025 0
0.999 6863.0025 0
0.3985 6863.0025 0
0.4214 6863.0025 0
0.7708 6863.0025 0
0.865 6863.0025 0

0.3906 6863.0025 0
0.6817 6863.0025 0
0.999 6863.0025 0
0.9141 6863.0025 0
0.8252 6863.0025 0
0.5331 6863.0025 0
0.5706 6863.0025 0
0.8527 6863.0025 0
0.999 6863.0025 0
0.999 6863.0025 0
0.7318 6863.0025 0
0.999 6863.0025 0
0.3986 6863.0025 0
0.4215 6863.0025 0
0.7707 6863.0025 0
0.8652 6863.0025 0

0.3906 6863.0025 0
0.6817 6863.0025 0
0.999 6863.0025 0
0.9141 6863.0025 0
0.8253 6863.0025 0
0.5331 6863.0025 0
0.5706 6863.0025 0
0.8527 6863.0025 0
0.999 6863.0025 0
0.999 6863.0025 0
0.7318 6863.0025 0
0.999 6863.0025 0
0.3986 6863.0025 0
0.4214 6863.0025 0
0.7707 6863.0025 0
0.8651 6863.0025 0

0.3906 6863.0025 0
0.6817 6863.0025 0
0.999 6863.0025 0
0.9141 6863.0025 0
0.8252 6863.0025 0
0.5331 6863.0025 0
0.5705 6863.0025 0
0.8527 6863.0025 0
0.999 6863.0025 0
0.999 6863.0025 0
0.7318 6863.0025 0
0.999 6863.0025 0
0.3986 6863.0025 0
0.4214 6863.0025 0
0.7706 6863.0025 0
0.8651 6863.0025 0

0.3906 6863.0025 0
0.6817 6863.0025 0
0.999 6863.0025 0
0.9141 6863.0025 0
0.8252 6863.0025 0
0.5331 6863.0025 0
0.5705 6863.0025 0
0.8527 6863.0025 0
0.999 6863.0025 0
0.999 6863.0025 0
0.7317 6863.0025 0
0.999 6863.0025 0
0.3987 6863.0025 0
0.4213 6863.0025 0
0.7707 6863.0025 0
0.8648 6863.0025 0

0.4846 7131.3954 0
0.521 7131.3954 0
0.0493 7131.3954 0
0.8044 7131.3954 0
0.7095 7131.3954 0
0.4572 7131.3954 0
0.5444 7131.3954 0
0.8585 7131.3954 0
0.9443 7131.3954 0
0.999 7131.3954 0
0.6516 7131.3954 0
0.9312 7131.3954 0
0.001 7131.3954 0
0.4539 7131.3954 0
0.775 7131.3954 0
0.801 7131.3954 0

0.3906 6863.0025 0
0.6817 6863.0025 0
0.999 6863.0025 0
0.9141 6863.0025 0
0.8253 6863.0025 0
0.5332 6863.0025 0
0.5706 6863.0025 0
0.8527 6863.0025 0
0.999 6863.0025 0
0.999 6863.0025 0
0.7318 6863.0025 0
0.999 6863.0025 0
0.3986 6863.0025 0
0.4215 6863.0025 0
0.7707 6863.0025 0
0.8649 6863.0025 0

0.3906 6863.0025 0
0.6817 6863.0025 0
0.999 6863.0025 0
0.9141 6863.0025 0
0.8252 6863.0025 0
0.5331 6863.0025 0
0.5705 6863.0025 0
0.8527 6863.0025 0
0.999 6863.0025 0
0.999 6863.0025 0
0.7317 6863.0025 0
0.999 6863.0025 0
0.3986 6863.0025 0
0.4213 6863.0025 0
0.7706 6863.0025 0
0.8646 6863.0025 0

0.3906 6863.0025 0
0.6817 6863.0025 0
0.999 6863.0025 0
0.9141 6863.0025 0
0.8252 6863.0025 0
0.5331 6863.0025 0
0.5706 6863.0025 0
0.8527 6863.0025 0
0.999 6863.0025 0
0.999 6863.0025 0
0.7318 6863.0025 0
0.999 6863.0025 0
0.3985 6863.0025 0
0.4214 6863.0025 0
0.7707 6863.0025 0
0.8651 6863.0025 0

0.3906 6863.0025 0
0.6817 6863.0025 0
0.999 6863.0025 0
0.9141 6863.0025 0
0.8253 6863.0025 0
0.5332 6863.0025 0
0.5706 6863.0025 0
0.8526 6863.0025 0
0.999 6863.0025 0
0.999 6863.0025 0
0.7318 6863.0025 0
0.999 6863.0025 0
0.3986 6863.0025 0
0.4216 6863.0025 0
0.7708 6863.0025 0
0.865 6863.0025 0

0.3906 6863.0025 0
0.6817 6863.0025 0
0.999 6863.0025 0
0.9141 6863.0025 0
0.8253 6863.0025 0
0.5332 6863.0025 0
0.5705 6863.0025 0
0.8527 6863.0025 0
0.999 6863.0025 0
0.999 6863.0025 0
0.7318 6863.0025 0
0.999 6863.0025 0
0.3986 6863.0025 0
0.4214 6863.0025 0
0.7707 6863.0025 0
0.8649 6863.0025 0

0.9448 7131.3954 0
0.7257 7131.3954 0
0.013 7131.3954 0
0.8044 7131.3954 0
0.7095 7131.3954 0
0.4572 7131.3954 0
0.5443 7131.3954 0
0.8584 7131.3954 0
0.9443 7131.3954 0
0.999 7131.3954 0
0.6517 7131.3954 0
0.9312 7131.3954 0
0.001 7131.3954 0
0.454 7131.3954 0
0.7747 7131.3954 0
0.8012 7131.3954 0

0.3906 6863.0025 0
0.6817 6863.0025 0
0.999 6863.0025 0
0.9141 6863.0025 0
0.8252 6863.0025 0
0.5331 6863.0025 0
0.5706 6863.0025 0
0.8527 6863.0025 0
0.999 6863.0025 0
0.999 6863.0025 0
0.7318 6863.0025 0
0.999 6863.0025 0
0.3985 6863.0025 0
0.4214 6863.0025 0
0.7707 6863.0025 0
0.8651 6863.0025 0

