0.1717 7527.2254 0
0.4871 7527.2254 0
0.9867 7527.2254 0
0.4803 7527.2254 0
0.3692 7527.2254 0
0.5758 7527.2254 0
0.3475 7527.2254 0
0.1275 7527.2254 0
0.2306 7527.2254 0
0.6758 7527.2254 0
0.3014 7527.2254 0
0.7385 7527.2254 0
0.2405 7527.2254 0
0.5711 7527.2254 0
0.999 7527.2254 0
0.999 7527.2254 0

0.1717 7527.2254 0
0.4869 7527.2254 0
0.9866 7527.2254 0
0.4803 7527.2254 0
0.3692 7527.2254 0
0.5757 7527.2254 0
0.3475 7527.2254 0
0.1275 7527.2254 0
0.2305 7527.2254 0
0.676 7527.2254 0
0.3016 7527.2254 0
0.7387 7527.2254 0
0.2405 7527.2254 0
0.5713 7527.2254 0
0.999 7527.2254 0
0.999 7527.2254 0

0.172 7527.2254 0
0.4871 7527.2254 0
0.9867 7527.2254 0
0.4805 7527.2254 0
0.3695 7527.2254 0
0.5759 7527.2254 0
0.347 7527.2254 0
0.127 7527.2254 0
0.2301 7527.2254 0
0.6761 7527.2254 0
0.3019 7527.2254 0
0.7388 7527.2254 0
0.2405 7527.2254 0
0.5712 7527.2254 0
0.999 7527.2254 0
0.999 7527.2254 0

0.172 7527.2254 0
0.4872 7527.2254 0
0.9869 7527.2254 0
0.4803 7527.2254 0
0.3692 7527.2254 0
0.5757 7527.2254 0
0.3475 7527.2254 0
0.1275 7527.2254 0
0.2305 7527.2254 0
0.676 7527.2254 0
0.3016 7527.2254 0
0.7387 7527.2254 0
0.2406 7527.2254 0
0.5714 7527.2254 0
0.999 7527.2254 0
0.999 7527.2254 0

0.1719 7527.2254 0
0.4872 7527.2254 0
0.9867 7527.2254 0
0.4805 7527.2254 0
0.3694 7527.2254 0
0.5759 7527.2254 0
0.3472 7527.2254 0
0.1272 7527.2254 0
0.2302 7527.2254 0
0.676 7527.2254 0
0.3017 7527.2254 0
0.7387 7527.2254 0
0.2406 7527.2254 0
0.5712 7527.2254 0
0.999 7527.2254 0
0.999 7527.2254 0

0.2708 7535.0932 0
0.5131 7535.0932 0
0.9227 7535.0932 0
0.0776 7535.0932 0
0.001 7535.0932 0
0.1355 7535.0932 0
0.6532 7535.0932 0
0.4442 7535.0932 0
0.5324 7535.0932 0
0.8361 7535.0932 0
0.469 7535.0932 0
0.8867 7535.0932 0
0.2526 7535.0932 0
0.999 7535.0932 0
0.7158 7535.0932 0
0.999 7535.0932 0

0.1719 7527.2254 0
0.4871 7527.2254 0
0.9869 7527.2254 0
0.4804 7527.2254 0
0.3693 7527.2254 0
0.5758 7527.2254 0
0.3474 7527.2254 0
0.1274 7527.2254 0
0.2304 7527.2254 0
0.6758 7527.2254 0
0.3015 7527.2254 0
0.7385 7527.2254 0
0.2405 7527.2254 0
0.5711 7527.2254 0
0.999 7527.2254 0
0.999 7527.2254 0

0.1718 7527.2254 0
0.4871 7527.2254 0
0.9869 7527.2254 0
0.4803 7527.2254 0
0.3692 7527.2254 0
0.5758 7527.2254 0
0.3475 7527.2254 0
0.1275 7527.2254 0
0.2306 7527.2254 0
0.6758 7527.2254 0
0.3014 7527.2254 0
0.7385 7527.2254 0
0.2405 7527.2254 0
0.5711 7527.2254 0
0.999 7527.2254 0
0.999 7527.2254 0

0.1718 7527.2253 0
0.4871 7527.2253 0
0.9867 7527.2253 0
0.4803 7527.2253 0
0.3692 7527.2253 0
0.5757 7527.2253 0
0.3474 7527.2253 0
0.1274 7527.2253 0
0.2305 7527.2253 0
0.6759 7527.2253 0
0.3015 7527.2253 0
0.7386 7527.2253 0
0.2405 7527.2253 0
0.5712 7527.2253 0
0.999 7527.2253 0
0.999 7527.2253 0

0.1718 7527.2254 0
0.487 7527.2254 0
0.9865 7527.2254 0
0.4804 7527.2254 0
0.3692 7527.2254 0
0.5758 7527.2254 0
0.3474 7527.2254 0
0.1275 7527.2254 0
0.2305 7527.2254 0
0.6759 7527.2254 0
0.3015 7527.2254 0
0.7386 7527.2254 0
0.2405 7527.2254 0
0.5712 7527.2254 0
0.999 7527.2254 0
0.999 7527.2254 0

0.1715 7527.2254 0
0.4869 7527.2254 0
0.9869 7527.2254 0
0.4802 7527.2254 0
0.3691 7527.2254 0
0.5756 7527.2254 0
0.3477 7527.2254 0
0.1278 7527.2254 0
0.2308 7527.2254 0
0.6759 7527.2254 0
0.3014 7527.2254 0
0.7385 7527.2254 0
0.2404 7527.2254 0
0.5714 7527.2254 0
0.999 7527.2254 0
0.999 7527.2254 0

0.2707 7535.0932 0
0.5132 7535.0932 0
0.923 7535.0932 0
0.0776 7535.0932 0
0.001 7535.0932 0
0.1355 7535.0932 0
0.6532 7535.0932 0
0.4443 7535.0932 0
0.5325 7535.0932 0
0.8359 7535.0932 0
0.4689 7535.0932 0
0.8864 7535.0932 0
0.2524 7535.0932 0
0.999 7535.0932 0
0.7157 7535.0932 0
0.999 7535.0932 0

0.1718 7527.2254 0
0.4871 7527.2254 0
0.9868 7527.2254 0
0.4804 7527.2254 0
0.3693 7527.2254 0
0.5759 7527.2254 0
0.3474 7527.2254 0
0.1274 7527.2254 0
0.2304 7527.2254 0
0.6759 7527.2254 0
0.3015 7527.2254 0
0.7385 7527.2254 0
0.2404 7527.2254 0
0.5712 7527.2254 0
0.999 7527.2254 0
0.999 7527.2254 0

0.2708 7535.0932 0
0.5131 7535.0932 0
0.923 7535.0932 0
0.0775 7535.0932 0
0.001 7535.0932 0
0.1355 7535.0932 0
0.6533 7535.0932 0
0.4443 7535.0932 0
0.5325 7535.0932 0
0.8357 7535.0932 0
0.4688 7535.0932 0
0.8862 7535.0932 0
0.2524 7535.0932 0
0.999 7535.0932 0
0.7154 7535.0932 0
0.999 7535.0932 0

0.1718 7527.2253 0
0.4871 7527.2253 0
0.9868 7527.2253 0
0.4804 7527.2253 0
0.3693 7527.2253 0
0.5758 7527.2253 0
0.3474 7527.2253 0
0.1274 7527.2253 0
0.2304 7527.2253 0
0.676 7527.2253 0
0.3016 7527.2253 0
0.7386 7527.2253 0
0.2405 7527.2253 0
0.5712 7527.2253 0
0.999 7527.2253 0
0.999 7527.2253 0

0.2708 7535.0932 0
0.513 7535.0932 0
0.9226 7535.0932 0
0.0775 7535.0932 0
0.001 7535.0932 0
0.1354 7535.0932 0
0.6533 7535.0932 0
0.4444 7535.0932 0
0.5325 7535.0932 0
0.836 7535.0932 0
0.469 7535.0932 0
0.8865 7535.0932 0
0.2526 7535.0932 0
0.999 7535.0932 0
0.7157 7535.0932 0
0.999 7535.0932 0

0.1716 7527.2254 0
0.487 7527.2254 0
0.9866 7527.2254 0
0.4802 7527.2254 0
0.3691 7527.2254 0
0.5756 7527.2254 0
0.3477 7527.2254 0
0.1277 7527.2254 0
0.2308 7527.2254 0
0.6759 7527.2254 0
0.3014 7527.2254 0
0.7386 7527.2254 0
0.2404 7527.2254 0
0.5713 7527.2254 0
0.999 7527.2254 0
0.999 7527.2254 0

0.2708 7535.0932 0
0.5132 7535.0932 0
0.923 7535.0932 0
0.0776 7535.0932 0
0.001 7535.0932 0
0.1355 7535.0932 0
0.6532 7535.0932 0
0.4442 7535.0932 0
0.5324 7535.0932 0
0.8361 7535.0932 0
0.4689 7535.0932 0
0.8867 7535.0932 0
0.2525 7535.0932 0
0.999 7535.0932 0
0.7158 7535.0932 0
0.999 7535.0932 0

0.172 7527.2254 0
0.4873 7527.2254 0
0.9867 7527.2254 0
0.4804 7527.2254 0
0.3693 7527.2254 0
0.5757 7527.2254 0
0.3471 7527.2254 0
0.1271 7527.2254 0
0.2302 7527.2254 0
0.6763 7527.2254 0
0.3019 7527.2254 0
0.7389 7527.2254 0
0.2405 7527.2254 0
0.5715 7527.2254 0
0.999 7527.2254 0
0.999 7527.2254 0

0.1717 7527.2254 0
0.487 7527.2254 0
0.9868 7527.2254 0
0.4803 7527.2254 0
0.3692 7527.2254 0
0.5758 7527.2254 0
0.3476 7527.2254 0
0.1276 7527.2254 0
0.2306 7527.2254 0
0.6758 7527.2254 0
0.3014 7527.2254 0
0.7385 7527.2254 0
0.2405 7527.2254 0
0.5711 7527.2254 0
0.999 7527.2254 0
0.999 7527.2254 0

