0.0422 6645.9341 0
0.5142 6645.9341 0
0.999 6645.9341 0
0.9612 6645.9341 0
0.7183 6645.9341 0
0.4314 6645.9341 0
0.1969 6645.9341 0
0.7459 6645.9341 0
0.8792 6645.9341 0
0.5695 6645.9341 0
0.796 6645.9341 0
0.9165 6645.9341 0
0.4462 6645.9341 0
0.7212 6645.9341 0
0.7375 6645.9341 0
0.9654 6645.9341 0

0.0421 6645.9342 0
0.5141 6645.9342 0
0.999 6645.9342 0
0.9614 6645.9342 0
0.7186 6645.9342 0
0.4315 6645.9342 0
0.197 6645.9342 0
0.746 6645.9342 0
0.8793 6645.9342 0
0.5691 6645.9342 0
0.7957 6645.9342 0
0.9162 6645.9342 0
0.4463 6645.9342 0
0.7209 6645.9342 0
0.7374 6645.9342 0
0.9654 6645.9342 0

0.0423 6645.9342 0
0.5142 6645.9342 0
0.999 6645.9342 0
0.9612 6645.9342 0
0.7184 6645.9342 0
0.4315 6645.9342 0
0.1968 6645.9342 0
0.7458 6645.9342 0
0.879 6645.9342 0
0.5695 6645.9342 0
0.796 6645.9342 0
0.9166 6645.9342 0
0.4463 6645.9342 0
0.7213 6645.9342 0
0.7375 6645.9342 0
0.9653 6645.9342 0

0.0423 6645.9341 0
0.5143 6645.9341 0
0.999 6645.9341 0
0.9612 6645.9341 0
0.7183 6645.9341 0
0.4314 6645.9341 0
0.1968 6645.9341 0
0.7458 6645.9341 0
0.8791 6645.9341 0
0.5695 6645.9341 0
0.796 6645.9341 0
0.9166 6645.9341 0
0.4462 6645.9341 0
0.7211 6645.9341 0
0.7375 6645.9341 0
0.9654 6645.9341 0

0.0423 6645.9342 0
0.5142 6645.9342 0
0.999 6645.9342 0
0.9612 6645.9342 0
0.7183 6645.9342 0
0.4314 6645.9342 0
0.1967 6645.9342 0
0.7458 6645.9342 0
0.8791 6645.9342 0
0.5695 6645.9342 0
0.796 6645.9342 0
0.9166 6645.9342 0
0.4462 6645.9342 0
0.7212 6645.9342 0
0.7375 6645.9342 0
0.9655 6645.9342 0

0.0421 6645.9342 0
0.5142 6645.9342 0
0.999 6645.9342 0
0.9613 6645.9342 0
0.7185 6645.9342 0
0.4316 6645.9342 0
0.1968 6645.9342 0
0.7458 6645.9342 0
0.8791 6645.9342 0
0.5694 6645.9342 0
0.7959 6645.9342 0
0.9165 6645.9342 0
0.4462 6645.9342 0
0.7215 6645.9342 0
0.7374 6645.9342 0
0.9653 6645.9342 0

0.0424 6645.9342 0
0.5143 6645.9342 0
0.999 6645.9342 0
0.961 6645.9342 0
0.7182 6645.9342 0
0.4313 6645.9342 0
0.1967 6645.9342 0
0.7457 6645.9342 0
0.8791 6645.9342 0
0.5699 6645.9342 0
0.7961 6645.9342 0
0.9167 6645.9342 0
0.4463 6645.9342 0
0.7214 6645.9342 0
0.7373 6645.9342 0
0.9658 6645.9342 0

0.0423 6645.9342 0
0.5142 6645.9342 0
0.999 6645.9342 0
0.9613 6645.9342 0
0.7185 6645.9342 0
0.4315 6645.9342 0
0.1968 6645.9342 0
0.7458 6645.9342 0
0.8791 6645.9342 0
0.5694 6645.9342 0
0.7959 6645.9342 0
0.9165 6645.9342 0
0.4462 6645.9342 0
0.7212 6645.9342 0
0.7377 6645.9342 0
0.9652 6645.9342 0

0.0422 6645.9342 0
0.5142 6645.9342 0
0.999 6645.9342 0
0.9611 6645.9342 0
0.7183 6645.9342 0
0.4313 6645.9342 0
0.1969 6645.9342 0
0.7459 6645.9342 0
0.8792 6645.9342 0
0.5695 6645.9342 0
0.796 6645.9342 0
0.9166 6645.9342 0
0.4462 6645.9342 0
0.7212 6645.9342 0
0.7375 6645.9342 0
0.9655 6645.9342 0

0.0422 6645.9342 0
0.5142 6645.9342 0
0.999 6645.9342 0
0.9612 6645.9342 0
0.7184 6645.9342 0
0.4313 6645.9342 0
0.197 6645.9342 0
0.7459 6645.9342 0
0.8792 6645.9342 0
0.5695 6645.9342 0
0.7959 6645.9342 0
0.9164 6645.9342 0
0.4463 6645.9342 0
0.7211 6645.9342 0
0.7374 6645.9342 0
0.9653 6645.9342 0

0.0423 6645.9342 0
0.5142 6645.9342 0
0.999 6645.9342 0
0.9612 6645.9342 0
0.7183 6645.9342 0
0.4314 6645.9342 0
0.1968 6645.9342 0
0.7458 6645.9342 0
0.8791 6645.9342 0
0.5696 6645.9342 0
0.7961 6645.9342 0
0.9166 6645.9342 0
0.4463 6645.9342 0
0.7212 6645.9342 0
0.7375 6645.9342 0
0.9654 6645.9342 0

0.0422 6645.9342 0
0.5141 6645.9342 0
0.999 6645.9342 0
0.9612 6645.9342 0
0.7183 6645.9342 0
0.4313 6645.9342 0
0.1971 6645.9342 0
0.746 6645.9342 0
0.8793 6645.9342 0
0.5693 6645.9342 0
0.7958 6645.9342 0
0.9164 6645.9342 0
0.4462 6645.9342 0
0.7209 6645.9342 0
0.7377 6645.9342 0
0.9653 6645.9342 0

0.0424 6645.9343 0
0.5143 6645.9343 0
0.999 6645.9343 0
0.9614 6645.9343 0
0.7188 6645.9343 0
0.4319 6645.9343 0
0.1961 6645.9343 0
0.7453 6645.9343 0
0.8788 6645.9343 0
0.5697 6645.9343 0
0.7959 6645.9343 0
0.9164 6645.9343 0
0.4464 6645.9343 0
0.7217 6645.9343 0
0.7371 6645.9343 0
0.9654 6645.9343 0

0.0423 6645.9342 0
0.5143 6645.9342 0
0.999 6645.9342 0
0.9611 6645.9342 0
0.7183 6645.9342 0
0.4313 6645.9342 0
0.197 6645.9342 0
0.7459 6645.9342 0
0.8792 6645.9342 0
0.5694 6645.9342 0
0.7959 6645.9342 0
0.9165 6645.9342 0
0.4463 6645.9342 0
0.7212 6645.9342 0
0.7376 6645.9342 0
0.9652 6645.9342 0

0.0423 6645.9342 0
0.5141 6645.9342 0
0.999 6645.9342 0
0.9611 6645.9342 0
0.7183 6645.9342 0
0.4314 6645.9342 0
0.1969 6645.9342 0
0.7459 6645.9342 0
0.8792 6645.9342 0
0.5694 6645.9342 0
0.7959 6645.9342 0
0.9165 6645.9342 0
0.4463 6645.9342 0
0.7215 6645.9342 0
0.7373 6645.9342 0
0.9652 6645.9342 0

0.0423 6645.9342 0
0.5142 6645.9342 0
0.999 6645.9342 0
0.9611 6645.9342 0
0.7182 6645.9342 0
0.4313 6645.9342 0
0.197 6645.9342 0
0.7459 6645.9342 0
0.8792 6645.9342 0
0.5695 6645.9342 0
0.796 6645.9342 0
0.9166 6645.9342 0
0.4462 6645.9342 0
0.7212 6645.9342 0
0.7376 6645.9342 0
0.9654 6645.9342 0

0.0423 6645.9342 0
0.5142 6645.9342 0
0.999 6645.9342 0
0.9612 6645.9342 0
0.7184 6645.9342 0
0.4314 6645.9342 0
0.1969 6645.9342 0
0.7458 6645.9342 0
0.8791 6645.9342 0
0.5694 6645.9342 0
0.7959 6645.9342 0
0.9165 6645.9342 0
0.4463 6645.9342 0
0.7212 6645.9342 0
0.7375 6645.9342 0
0.9652 6645.9342 0

0.0424 6645.9342 0
0.5143 6645.9342 0
0.999 6645.9342 0
0.9613 6645.9342 0
0.7185 6645.9342 0
0.4316 6645.9342 0
0.1965 6645.9342 0
0.7456 6645.9342 0
0.8789 6645.9342 0
0.5696 6645.9342 0
0.796 6645.9342 0
0.9165 6645.9342 0
0.4462 6645.9342 0
0.7212 6645.9342 0
0.7373 6645.9342 0
0.9657 6645.9342 0

0.0423 6645.9342 0
0.5141 6645.9342 0
0.999 6645.9342 0
0.9611 6645.9342 0
0.7182 6645.9342 0
0.4312 6645.9342 0
0.1973 6645.9342 0
0.7461 6645.9342 0
0.8794 6645.9342 0
0.5693 6645.9342 0
0.7959 6645.9342 0
0.9165 6645.9342 0
0.4463 6645.9342 0
0.7211 6645.9342 0
0.7378 6645.9342 0
0.9651 6645.9342 0

0.0423 6645.9342 0
0.5143 6645.9342 0
0.999 6645.9342 0
0.9612 6645.9342 0
0.7183 6645.9342 0
0.4314 6645.9342 0
0.1968 6645.9342 0
0.7458 6645.9342 0
0.8791 6645.9342 0
0.5694 6645.9342 0
0.7959 6645.9342 0
0.9165 6645.9342 0
0.4463 6645.9342 0
0.7212 6645.9342 0
0.7375 6645.9342 0
0.9652 6645.9342 0

