0.531 6623.9681 0
0.6742 6623.9681 0
0.8553 6623.9681 0
0.999 6623.9681 0
0.9199 6623.9681 0
0.6998 6623.9681 0
0.001 6623.9681 0
0.7678 6623.9681 0
0.2258 6623.9681 0
0.8874 6623.9681 0
0.959 6623.9681 0
0.999 6623.9681 0
0.7697 6623.9681 0
0.8209 6623.9681 0
0.5499 6623.9681 0
0.9789 6623.9681 0

0.5312 6623.9679 0
0.6745 6623.9679 0
0.8555 6623.9679 0
0.999 6623.9679 0
0.9197 6623.9679 0
0.699 6623.9679 0
0.001 6623.9679 0
0.7679 6623.9679 0
0.2257 6623.9679 0
0.8859 6623.9679 0
0.9585 6623.9679 0
0.999 6623.9679 0
0.7702 6623.9679 0
0.8183 6623.9679 0
0.5499 6623.9679 0
0.9658 6623.9679 0

0.5313 6623.9679 0
0.6745 6623.9679 0
0.8556 6623.9679 0
0.999 6623.9679 0
0.9197 6623.9679 0
0.6992 6623.9679 0
0.001 6623.9679 0
0.7679 6623.9679 0
0.2255 6623.9679 0
0.8839 6623.9679 0
0.9579 6623.9679 0
0.999 6623.9679 0
0.7696 6623.9679 0
0.8194 6623.9679 0
0.5501 6623.9679 0
0.948 6623.9679 0

0.5311 6623.968 0
0.6743 6623.968 0
0.8554 6623.968 0
0.999 6623.968 0
0.9197 6623.968 0
0.6992 6623.968 0
0.001 6623.968 0
0.7678 6623.968 0
0.2258 6623.968 0
0.8867 6623.968 0
0.9588 6623.968 0
0.999 6623.968 0
0.7694 6623.968 0
0.8187 6623.968 0
0.5503 6623.968 0
0.9721 6623.968 0

0.5314 6623.9679 0
0.6747 6623.9679 0
0.8556 6623.9679 0
0.999 6623.9679 0
0.9195 6623.9679 0
0.6988 6623.9679 0
0.001 6623.9679 0
0.7679 6623.9679 0
0.2256 6623.9679 0
0.886 6623.9679 0
0.9586 6623.9679 0
0.999 6623.9679 0
0.7706 6623.9679 0
0.8182 6623.9679 0
0.5497 6623.9679 0
0.9669 6623.9679 0

0.531 6623.9679 0
0.6743 6623.9679 0
0.8554 6623.9679 0
0.999 6623.9679 0
0.9197 6623.9679 0
0.6992 6623.9679 0
0.001 6623.9679 0
0.7679 6623.9679 0
0.2258 6623.9679 0
0.8861 6623.9679 0
0.9586 6623.9679 0
0.999 6623.9679 0
0.7695 6623.9679 0
0.8187 6623.9679 0
0.5502 6623.9679 0
0.9671 6623.9679 0

0.5315 6623.9679 0
0.6747 6623.9679 0
0.8557 6623.9679 0
0.999 6623.9679 0
0.9197 6623.9679 0
0.6993 6623.9679 0
0.001 6623.9679 0
0.7679 6623.9679 0
0.2254 6623.9679 0
0.8842 6623.9679 0
0.958 6623.9679 0
0.999 6623.9679 0
0.7704 6623.9679 0
0.82 6623.9679 0
0.5498 6623.9679 0
0.9512 6623.9679 0

0.5311 6623.968 0
0.6745 6623.968 0
0.8556 6623.968 0
0.999 6623.968 0
0.9195 6623.968 0
0.6988 6623.968 0
0.001 6623.968 0
0.7679 6623.968 0
0.2257 6623.968 0
0.8864 6623.968 0
0.9586 6623.968 0
0.999 6623.968 0
0.7692 6623.968 0
0.8183 6623.968 0
0.5501 6623.968 0
0.9699 6623.968 0

0.5313 6623.9678 0
0.6745 6623.9678 0
0.8556 6623.9678 0
0.999 6623.9678 0
0.9196 6623.9678 0
0.6991 6623.9678 0
0.001 6623.9678 0
0.7679 6623.9678 0
0.2255 6623.9678 0
0.884 6623.9678 0
0.9579 6623.9678 0
0.999 6623.9678 0
0.7701 6623.9678 0
0.8188 6623.9678 0
0.55 6623.9678 0
0.9488 6623.9678 0

0.5311 6623.9679 0
0.6744 6623.9679 0
0.8555 6623.9679 0
0.999 6623.9679 0
0.9197 6623.9679 0
0.6994 6623.9679 0
0.001 6623.9679 0
0.7678 6623.9679 0
0.2257 6623.9679 0
0.8851 6623.9679 0
0.9582 6623.9679 0
0.999 6623.9679 0
0.7691 6623.9679 0
0.8199 6623.9679 0
0.5504 6623.9679 0
0.9582 6623.9679 0

0.5314 6623.9678 0
0.6746 6623.9678 0
0.8556 6623.9678 0
0.999 6623.9678 0
0.9197 6623.9678 0
0.6991 6623.9678 0
0.001 6623.9678 0
0.7679 6623.9678 0
0.2255 6623.9678 0
0.8843 6623.9678 0
0.958 6623.9678 0
0.999 6623.9678 0
0.7704 6623.9678 0
0.8185 6623.9678 0
0.55 6623.9678 0
0.9511 6623.9678 0

0.531 6623.9687 0
0.6743 6623.9687 0
0.8553 6623.9687 0
0.999 6623.9687 0
0.9197 6623.9687 0
0.6993 6623.9687 0
0.001 6623.9687 0
0.7677 6623.9687 0
0.2257 6623.9687 0
0.8896 6623.9687 0
0.9597 6623.9687 0
0.999 6623.9687 0
0.7693 6623.9687 0
0.819 6623.9687 0
0.55 6623.9687 0
0.9986 6623.9687 0

0.5312 6623.9682 0
0.6744 6623.9682 0
0.8557 6623.9682 0
0.999 6623.9682 0
0.9196 6623.9682 0
0.6993 6623.9682 0
0.001 6623.9682 0
0.768 6623.9682 0
0.2258 6623.9682 0
0.8818 6623.9682 0
0.9572 6623.9682 0
0.999 6623.9682 0
0.7693 6623.9682 0
0.8193 6623.9682 0
0.5503 6623.9682 0
0.9303 6623.9682 0

0.5315 6623.9695 0
0.6746 6623.9695 0
0.8558 6623.9695 0
0.999 6623.9695 0
0.9197 6623.9695 0
0.6994 6623.9695 0
0.001 6623.9695 0
0.768 6623.9695 0
0.2255 6623.9695 0
0.8782 6623.9695 0
0.9561 6623.9695 0
0.999 6623.9695 0
0.7704 6623.9695 0
0.8198 6623.9695 0
0.5501 6623.9695 0
0.9009 6623.9695 0

0.5312 6623.9679 0
0.6745 6623.9679 0
0.8555 6623.9679 0
0.999 6623.9679 0
0.9196 6623.9679 0
0.6989 6623.9679 0
0.001 6623.9679 0
0.7679 6623.9679 0
0.2257 6623.9679 0
0.8862 6623.9679 0
0.9586 6623.9679 0
0.999 6623.9679 0
0.7696 6623.9679 0
0.8181 6623.9679 0
0.5501 6623.9679 0
0.9679 6623.9679 0

0.5312 6623.9679 0
0.6745 6623.9679 0
0.8556 6623.9679 0
0.999 6623.9679 0
0.9195 6623.9679 0
0.6988 6623.9679 0
0.001 6623.9679 0
0.768 6623.9679 0
0.2257 6623.9679 0
0.8833 6623.9679 0
0.9577 6623.9679 0
0.999 6623.9679 0
0.7696 6623.9679 0
0.8174 6623.9679 0
0.5503 6623.9679 0
0.943 6623.9679 0

0.531 6623.9679 0
0.6743 6623.9679 0
0.8555 6623.9679 0
0.999 6623.9679 0
0.9197 6623.9679 0
0.6992 6623.9679 0
0.001 6623.9679 0
0.7679 6623.9679 0
0.2257 6623.9679 0
0.8842 6623.9679 0
0.958 6623.9679 0
0.999 6623.9679 0
0.7686 6623.9679 0
0.8189 6623.9679 0
0.5506 6623.9679 0
0.9505 6623.9679 0

0.5311 6623.9679 0
0.6744 6623.9679 0
0.8555 6623.9679 0
0.999 6623.9679 0
0.9195 6623.9679 0
0.6988 6623.9679 0
0.001 6623.9679 0
0.7679 6623.9679 0
0.2259 6623.9679 0
0.8845 6623.9679 0
0.9581 6623.9679 0
0.999 6623.9679 0
0.7691 6623.9679 0
0.8171 6623.9679 0
0.5506 6623.9679 0
0.9532 6623.9679 0

0.5311 6623.968 0
0.6743 6623.968 0
0.8554 6623.968 0
0.999 6623.968 0
0.9198 6623.968 0
0.6994 6623.968 0
0.001 6623.968 0
0.7678 6623.968 0
0.2256 6623.968 0
0.8867 6623.968 0
0.9588 6623.968 0
0.999 6623.968 0
0.7702 6623.968 0
0.8197 6623.968 0
0.5498 6623.968 0
0.9719 6623.968 0

0.531 6623.9684 1
0.6743 6623.9684 1
0.8557 6623.9684 1
0.999 6623.9684 1
0.9195 6623.9684 1
0.699 6623.9684 1
0.001 6623.9684 1
0.7681 6623.9684 1
0.2258 6623.9684 1
0.8809 6623.9684 1
0.9569 6623.9684 1
0.999 6623.9684 1
0.7685 6623.9684 1
0.8184 6623.9684 1
0.5507 6623.9684 1
0.9234 6623.9684 1

